"33_076. Galantis - Firebird (Official Audio)_noise_-5dB_sample2.wav",275,4,44,2,0,3,12,0,1,1,2,2,1,8,2,2,12,151,114,71,12,36,48,4,72,4,0,0,2,1,11,11,28,3,4,6,0,0,6,0,1,3,4,1,1,0,80,3,0,18,0,11,11,4,1,1,0,22,0,2,230,2,2,2,1,5,0,11,0,2,2,0,0,4,60,21,0,14,2,11,0,15,2,2,1,40,8,1,3,1,2,2,0,2,59,2,54,75,14,1,2
"67_090. Josh Groban - You Raise Me Up (Official Music Video) [HD Remaster]_noise_-5dB_sample1.wav",204,156,48,17,0,2,22,0,4,4,4,3,1,2,2,0,12,162,129,76,6,66,43,4,70,3,1,0,4,1,10,11,30,6,6,3,0,0,2,2,3,3,1,2,2,15,110,145,1,0,31,31,11,5,0,10,9,24,0,2,3,4,4,5,3,0,2,11,0,0,2,0,1,0,57,14,2,16,1,8,0,18,0,0,1,39,4,1,2,0,2,2,3,15,85,9,68,2,6,2,8
"32_086. Olly Murs - Grow Up (Official Video)_noise_-5dB_sample2.wav",212,3,48,4,6,4,14,0,2,2,0,4,2,3,2,3,12,185,124,76,5,63,45,4,66,6,0,2,4,2,11,11,30,2,3,3,2,0,2,3,3,2,1,2,2,0,110,2,0,7,1,11,13,3,0,1,2,25,1,4,2,4,6,2,1,3,1,11,1,3,0,1,4,3,68,15,2,17,2,104,1,19,1,4,1,28,4,2,2,22,0,2,3,6,73,2,71,8,6,2,2
"30_Cannibal_noise_-5dB_sample1.wav",178,3,44,7,2,4,25,1,3,4,2,4,4,2,3,3,13,163,128,76,9,66,51,7,74,7,1,0,4,8,11,17,29,4,10,5,2,2,2,2,1,1,5,2,9,2,121,2,1,2,1,11,13,6,1,0,2,22,0,6,0,21,4,7,2,11,0,11,0,1,4,21,1,4,62,17,2,16,1,4,0,18,3,197,1,34,6,3,3,2,1,1,5,3,93,2,56,6,10,2,8
"66_Cruel_Summer_noise_-5dB_sample2.wav",175,7,48,18,0,4,14,13,2,1,0,2,1,0,1,4,12,162,110,73,2,66,44,4,74,4,1,1,2,1,11,11,29,14,4,6,3,0,0,2,3,4,0,2,3,0,92,1,135,6,2,11,15,12,1,0,2,40,0,6,0,3,5,2,1,69,2,12,0,1,0,3,0,7,50,23,1,19,3,5,0,17,1,19,1,22,4,3,2,1,2,0,0,6,81,1,59,6,8,1,2
"39_051. Galantis - No Money (Official Video)_noise_-5dB_sample1.wav",178,3,44,26,1,6,12,1,1,2,1,2,2,0,7,1,11,164,120,74,1,62,44,4,64,3,0,2,2,8,13,11,38,8,2,6,1,2,6,0,1,4,0,0,3,0,114,1,0,2,1,11,15,13,2,0,0,34,0,4,0,4,2,113,0,1,6,11,2,0,2,12,0,11,52,17,0,15,2,4,0,17,0,6,2,29,10,8,2,2,4,2,3,4,73,2,53,4,12,1,2
"75_078. Kungs vs Cookin on 3 Burners - This Girl (Official Music Video)_noise_-5dB_sample2.wav",177,8,48,10,5,2,270,0,1,0,0,6,2,1,14,0,12,151,132,77,0,61,44,4,70,2,0,0,2,1,11,11,28,11,11,6,0,0,9,0,0,2,13,1,5,10,111,12,0,0,5,11,15,6,0,0,1,34,14,6,1,2,1,1,0,0,0,11,0,1,5,4,5,6,59,21,2,17,2,15,0,16,1,2,4,28,6,0,1,20,0,3,4,4,59,1,50,3,14,0,2
"27_022. Major Lazer & DJ Snake - Lean On (feat. MØ) [Official Music Video]_noise_-5dB_sample2.wav",176,3,52,5,0,3,5,6,1,183,3,2,3,2,1,0,10,173,88,67,1,36,58,10,56,4,1,0,2,0,12,11,28,3,10,5,1,0,5,0,1,2,2,2,1,2,101,17,0,6,3,11,11,4,0,1,2,26,0,0,4,6,6,4,1,0,1,12,2,0,2,1,1,2,62,25,1,9,2,23,1,17,0,3,0,47,2,4,2,2,1,2,4,2,59,2,52,5,20,1,3
"97_075. Lindsey Stirling - Prism (Official Video)_noise_-5dB_sample1.wav",176,6,44,8,0,4,13,344,1,0,0,6,11,0,1,0,13,173,88,66,1,61,44,3,62,5,0,0,3,0,11,11,26,8,2,4,1,2,2,5,2,8,1,1,2,0,74,0,0,16,0,11,15,3,2,0,2,34,0,3,0,8,1,8,3,60,1,11,15,2,2,0,1,4,60,20,1,22,2,2,0,21,0,11,1,34,10,1,1,1,0,0,3,4,78,0,48,4,4,0,21
"53_102. What_noise_-5dB_sample2.wav",179,14,52,86,3,3,16,26,1,0,7,2,9,1,9,3,14,173,141,77,1,66,54,6,87,7,4,0,3,0,11,11,34,6,17,13,2,1,11,7,0,1,0,0,4,3,112,3,5,37,2,11,13,17,11,3,0,31,0,10,0,1020,2,2,0,115,5,13,0,8,1,11,0,3,54,24,0,50,2,15,15,17,0,191,4,32,10,3,1,1,2,10,1,4,81,6,52,10,20,2,4
"84_001. Anna Kendrick - Cups_noise_-5dB_sample2.wav",177,3,48,4,0,3,15,0,2,2,0,2,0,1,1,9,13,158,132,77,0,66,52,1,72,7,0,2,8,0,11,11,35,2,2,4,0,0,8,2,1,5,1,0,3,0,103,0,0,2,0,11,11,8,1,0,2,27,0,2,0,4,1,4,0,3,0,12,0,0,4,0,2,3,60,15,0,15,2,8,0,17,0,2,1,37,3,3,3,0,0,0,12,3,77,0,61,4,6,0,4
"18_044. tony igy-stop in my mind_noise_-5dB_sample2.wav",168,4,44,3,0,2,7,0,0,38,0,1,0,33,0,0,6,138,43,66,2,33,26,4,27,3,1,3,1,0,6,164,17,3,3,4,0,1,5,1,1,2,2,1,1,0,38,2,0,6,6,11,6,2,0,0,0,8,0,1,0,2,1,2,1,2,1,3,0,1,2,0,0,2,28,11,2,6,4,7,1,8,1,3,1,39,3,10,3,2,0,2,1,4,33,0,28,3,6,0,2
"46_032. Katy Perry - Wide Awake (Official Video)_noise_-5dB_sample2.wav",172,1,48,5,4,130,12,0,4,2,3,3,0,0,2,1,13,144,88,72,3,55,44,4,44,3,2,0,1,0,13,11,26,3,4,6,0,0,0,1,2,2,0,1,4,6,84,0,2,0,0,11,11,8,2,0,2,24,0,5,0,5,2,2,0,1,0,13,0,1,2,1,1,6,48,21,0,13,3,11,0,18,0,1,1,38,12,0,5,3,2,2,2,2,59,1,50,10,12,1,8
"15_060. My OCD (Song)_noise_-5dB_sample2.wav",167,0,44,1,0,4,10,0,1,2,1,0,2,0,0,1,11,173,105,67,0,44,42,6,68,2,0,0,2,0,11,11,31,8,12,7,0,0,0,0,1,2,0,1,1,0,66,0,0,0,0,11,11,3,0,0,0,34,0,1,0,0,1,2,0,9,0,13,0,0,0,0,0,4,54,27,0,11,3,9,0,17,0,0,0,25,2,0,1,1,0,1,0,4,55,1,50,3,22,0,0
"83_004. Katy Perry - Roar_noise_-5dB_sample1.wav",169,2,44,4,0,4,10,0,2,3,0,6,3,0,1,0,11,168,98,69,0,51,42,4,55,2,0,0,2,0,13,11,26,10,4,7,0,0,12,0,0,1,0,2,3,1,85,0,0,7,1,11,12,9,1,0,46,33,0,7,0,3,4,0,3,1,0,11,0,2,4,4,1,3,54,16,2,15,2,11,0,19,0,4,2,25,2,0,2,2,0,2,2,4,61,0,60,10,18,0,1
"102_018. Shawn Mendes - Stitches (Official Music Video)_noise_-5dB_sample2.wav",169,2,52,3,1,3,11,1,3,0,3,47,1,2,1,3,14,167,124,75,6,66,68,4,84,4,0,0,2,0,11,11,38,8,8,10,1,0,0,1,1,0,1,0,2,0,138,1,1,1,0,11,12,9,1,0,1,35,0,4,1,6,3,1,1,0,2,11,1,0,2,0,3,8,63,25,1,19,3,16,0,21,0,7,1,25,7,2,2,2,0,0,2,6,77,0,58,10,13,1,1
"95_053. Avicii - Hey Brother_noise_-5dB_sample1.wav",177,98,52,4,66,5,17,0,78,1,4,2,4,5,1,1,13,170,142,79,12,66,48,153,7317,6,261,4,2,3,11,11,36,259,7325,4,1,5,146,0,78,8,14,1,3,1,274,0,0,656,40,11,35,7,30,12,3,33,0,48,11,2,8,1,1,13,0,43,0,4,119,55,5,42,72,17,1,45,2,12,19,16,10,614,2,28,4,225,4,2,4,31,2,14,85,1,66,9,8,28,20
"103_037. Calvin Harris, Rihanna - This Is What You Came For (Official Video) ft. Rihanna_noise_-5dB_sample1.wav",215,3,48,30,0,7,12,6,4,1,2,2,2,3,22,5,13,153,120,77,3,52,48,6,64,4,6,1,2,0,15,11,34,4,4,18,1,2,4,2,1,2,3,1,3,0,107,0,0,1,3,11,13,6,8,0,1,28,2,6,0,6,4,1,0,1,0,14,0,9,3,22,1,6,70,19,2,16,2,3,0,21,1,30,0,35,8,1,2,0,0,1,1,4,73,1,67,4,16,1,283
"60_057. Get Off The Phone Song_noise_-5dB_sample2.wav",187,1,44,10,0,2,12,0,1,0,0,2,1,4,0,0,11,146,117,74,0,52,44,6,72,1,0,0,4,0,11,11,34,4,7,3,0,1,0,0,0,4,0,7,5,1,96,0,0,4,0,11,11,18,0,0,1,26,0,6,0,2,1,2,0,4,0,11,0,0,2,0,1,9,54,13,0,14,1,5,4,24,0,2,1,34,2,0,4,5,0,2,2,7,77,0,60,12,4,0,4
"13_030. Maroon 5 - Animals_noise_-5dB_sample2.wav",183,3,50,4,8,4,16,0,2,1,0,2,1,2,1,6,13,149,138,77,0,63,56,4,80,3,0,0,1,11,11,11,28,8,33,10,1,1,5,2,200,3,10,2,2,1,102,0,0,24,2,11,11,5,0,0,2,24,0,6,1,2,2,8,5,0,0,11,2,1,10,7,1,8,59,19,1,17,0,16,0,18,1,24,1,37,4,20,3,1,0,1,0,2,77,1,60,7,8,0,4
"6_043. Wintergatan - Marble Machine (music instrument using 2000 marbles)_noise_-5dB_sample1.wav",184,6,48,4,1,2,16,0,1,2,1,3,3,2,43,6,12,171,136,77,3,66,52,4,70,2,0,0,4,0,11,11,35,4,12,4,0,0,1,0,2,2,0,2,2,0,106,0,0,9,0,11,11,9,0,1,2,28,0,2,0,4,0,1,0,3,1,13,0,1,1,9,2,3,61,11,1,15,2,6,0,15,1,17,1,28,4,6,2,0,2,2,2,2,77,2,61,2,1,1,4
"77_065. Nightcore - Ghostbusters_noise_-5dB_sample2.wav",185,1,44,4,0,4,10,1,2,1,2,2,0,2,1,1,11,148,90,76,2,87,36,4,49,3,0,1,2,0,10,11,28,1,12,5,0,0,0,0,0,0,2,1,1,1,84,0,0,1,0,11,11,3,3,1,1,22,0,1,0,4,1,0,0,1,0,11,1,1,2,0,2,1,44,19,0,12,4,3,0,14,1,0,1,31,0,0,1,2,0,0,0,3,59,1,52,7,12,0,2
"58_039. OMFG - Hello_noise_-5dB_sample1.wav",188,3,48,4,1,7,17,1,4,1,1,4,2,10,16,2,13,168,132,76,4,64,73,6,81,5,4,0,5,0,13,11,52,4,6,7,2,2,4,8,1,4,4,2,4,5,148,5,0,1,2,11,11,26,0,4,5,28,1,6,1,2,15,3,4,2,0,13,1,3,2,0,1,9,66,25,1,22,2,13,2,22,7,8,1,34,8,2,2,3,2,6,0,79,77,5,58,8,22,2,4
"43_098. Nightcore~ The Wolf_noise_-5dB_sample2.wav",192,1,44,6,0,4,19,0,1,2,0,1,1,1,1,0,12,170,110,67,3,66,44,2,60,5,0,1,2,0,11,11,24,6,2,3,1,0,0,0,1,2,0,1,2,0,81,0,0,0,0,11,12,2,0,0,0,25,0,6,0,4,0,0,1,0,0,11,0,1,8,0,0,3,48,15,0,12,2,6,0,15,2,0,1,34,2,0,0,1,0,1,4,3,77,85,44,4,4,0,8
"49_050. Carly Rae Jepsen - I Really Like You_noise_-5dB_sample1.wav",192,0,49,4,6,2,13,0,1,0,1,4,8,0,3,1,13,174,132,79,3,66,46,0,74,4,3,0,2,0,11,11,36,11,7,1,0,0,1,3,2,4,0,0,2,2,102,0,0,0,2,11,13,3,0,0,1,25,0,2,2,2,2,0,5,0,1,13,0,0,4,2,0,3,56,11,2,15,0,2,0,13,0,0,53,28,4,0,1,1,0,2,2,2,77,0,54,4,2,0,4
"98_021. Alan Walker - Faded_noise_-5dB_sample1.wav",188,7,48,2,1,2,15,0,4,4,2,4,1,0,2,6,13,173,142,77,3,66,48,2,71,2,0,4,1,0,15,11,36,3,4,3,0,2,8,0,0,2,3,1,4,0,106,3,0,0,0,229,12,3,2,0,1,24,1,0,4,4,2,2,0,0,0,13,0,1,2,2,0,3,56,13,0,16,1,4,0,15,1,6,1,28,4,1,2,1,4,0,2,4,77,2,58,4,4,2,2
"4_003. Lorde - Royals (US Version)_noise_-5dB_sample2.wav",185,0,44,33,7,16,13,0,1,0,4,0,13,0,16,4,12,173,129,77,0,64,48,5,74,6,1,0,2,1,12,11,26,42,12,4,3,1,2,0,1,1,1,0,2,6,107,0,0,22,0,11,11,5,1,0,0,22,2,2,0,2,2,7,0,3,0,11,0,2,4,2,0,3,60,17,2,13,1,4,0,15,1,4,0,28,8,3,2,1,0,4,2,4,73,2,56,4,10,0,4
"23_048. Pharrell Williams - Happy (Official Music Video)_noise_-5dB_sample1.wav",181,1,40,12,0,6,11,0,0,1,1,3,0,1,0,1,11,135,103,66,1,60,40,6,53,5,1,0,2,5,10,11,29,6,8,5,0,0,1,0,0,0,4,10,3,2,86,16,1,2,2,11,12,38,2,0,4,26,0,4,1,2,2,0,1,0,1,10,2,0,2,0,0,10,46,14,0,14,2,27,3,17,3,0,2,25,2,3,0,2,264,0,0,5,51,2,45,8,13,1,4
"101_070. Eminence - Knock Me Out (feat. Anna Cyzon) [Monstercat Official Music Video]_noise_-5dB_sample2.wav",180,3,48,6,3,3,13,5,2,4,2,1,63,1,10,3,14,168,141,77,0,59,48,7,87,3,4,0,5,99,13,11,1000,1,6,6,60,0,0,1,2,2,0,1,2,0,108,0,17,0,0,11,11,4,1,2,1,28,0,2,1,16,0,30,850,7,1,13,0,1,2,3,0,1,66,23,0,14,2,35,0,16,4,59,1,37,2,7,5,1,2,2,9,4,75,1,56,0,14,2,9
"87_079. twenty one pilots Heathens (from Suicide Squad The Album) [OFFICIAL VIDEO]_noise_-5dB_sample1.wav",184,2,44,40,1,7,6,3,2,0,1,1,5,0,24,3,6,165,54,67,3,36,33,5,30,8,1,0,1,3,9,11,22,25,7,16,4,0,7,2,6,2,1,0,7,1,55,0,1,2,1,11,11,17,9,0,0,20,0,1,0,2,0,3,8,3,2,10,3,7,11,12,6,9,38,157,1,8,5,9,0,23,0,17,1,31,16,2,2,1,0,4,7,4,41,0,48,8,28,1,1
"45_005. OneRepublic - Counting Stars_noise_-5dB_sample1.wav",186,3,48,85,0,2,14,1,2,1,0,2,10,2,5,6,13,179,132,79,6,66,44,3,69,12,7,8,5,2,12,11,37,4,1,3,0,0,6,1,1,4,0,2,7,0,118,15,1,2,0,11,11,68,0,0,1,22,1,2,0,2,3,2,10,0,6,11,252,4,2,23,0,3,60,13,2,19,1,0,2,15,1,50,1,28,6,3,3,1,4,2,4,3,77,2,66,6,4,1,0
"48_027. MAGIC! - Rude (Official Video)_noise_-5dB_sample2.wav",183,2,49,5,1,4,17,2,2,1,0,2,2,0,1,0,11,144,110,77,2,66,42,3,44,4,2,0,1,0,11,11,26,3,3,6,1,171,4,0,2,2,4,1,1,0,64,3,0,0,1,11,12,11,1,2,0,24,0,6,1,2,1,4,2,0,0,12,3,1,4,1,0,4,35,19,1,16,2,4,1,13,0,2,1,31,2,0,1,1,1,1,2,4,75,1,52,4,12,1,4
"50_006. Wiz Khalifa - See You Again ft. Charlie Puth [Official Video] Furious 7 Soundtrack_noise_-5dB_sample2.wav",182,39,44,8,4,8,14,1,2,2,3,4,1,1,37,3,11,163,133,77,3,56,46,2,74,2,21,0,1,0,11,11,28,12,62,2,2,0,8,2,0,2,26,2,4,7,116,17,0,9,24,11,13,2,230,2,2,114,3,20,2,2,2,3,2,47,0,12,0,1,9,20,0,3,52,11,0,16,1,8,3,16,1,3,3,42,2,0,8,3,5,2,0,5,77,1,52,10,2,33,4
"11_062. Pipe Guy - HouseTranceTechno Live_noise_-5dB_sample1.wav",187,19,44,3,0,4,13,5,3,0,2,2,6,9,8,2,10,147,70,70,3,38,42,5,46,3,11,0,1,0,10,11,21,20,9,9,3,1,8,2,0,2,4,1,1,6,73,12,2,13,14,11,11,2,11,1,3,18,0,4,2,8,2,2,1,17,1,10,0,0,3,7,0,9,44,21,0,11,3,4,1,17,0,36,4,28,2,2,1,97,2,2,3,4,53,1,51,8,9,1,2
"45_005. OneRepublic - Counting Stars_noise_-5dB_sample2.wav",180,2,7,3,0,2,6,4,1,2,1,3,1,2,4,2,5,139,24,54,1,41,18,6,22,5,2,0,1,1,2,11,12,4,7,7,2,0,2,1,1,2,1,0,4,0,47,3,0,3,1,11,7,4,0,0,0,4,0,4,0,2,2,2,1,0,2,4,66,2,3,1,0,6,26,12,4,9,3,6,0,9,0,3,0,31,1,1,2,2,0,0,1,2,35,1,24,8,6,2,3
"105_101. Yann Tiersen - Comptine d`un autre ete - l`apres-midi_noise_-5dB_sample1.wav",183,5,52,71,6,6,12,0,0,1,0,1,8,0,49,17,13,173,132,77,3,58,44,7,67,4,3,12,2,15,13,11,33,158,6,12,7,3,4,6,41,5,53,1,4,35,92,0,0,4,4,44,11,9,47,0,0,26,13,6,1,0,2,3,4,16,17,11,15,3,14,540,4,1,52,18,2,25,8,8,0,13,0,4,0,25,8,2,1,2,0,8,9,2,79,0,50,9,8,1,2
"76_073. Lindsey Stirling - Crystallize (Dubstep Violin Original Song)_noise_-5dB_sample1.wav",186,8,52,149,4,2,10,85,2,1,4,1,9,30,5,6,13,145,97,66,0,66,162,4,53,6,0,4,4,11,10,11,30,19,8,23,17,11,0,3,2,0,6,0,2,1,82,20,9,58,0,11,18,3,5,1,1,37,2,8,1,47,4,1,13,1050,15,12,0,1,0,13,31,7,48,15,0,13,4,10,0,17,0,111,3,25,11,0,13,1,0,11,2,6,57,0,56,7,4,1,4
"81_013. Passenger  Let Her Go (Official Video)_noise_-5dB_sample1.wav",180,1,15,132,3,3,5,2,1,2,0,1,1,2,2,4,8,160,31,60,4,46,22,5,33,3,2,1,1,0,2,11,16,10,4,8,1,0,0,1,0,8,1,1,3,1,42,2,0,0,0,11,8,5,2,1,1,5,0,5,0,2,235,7,2,3,3,4,2,2,2,0,1,4,26,16,2,10,2,3,2,8,0,1,2,38,2,1,2,1,0,2,2,3,39,1,29,7,8,0,4
"89_091. Faster Car - Anders Lystell feat. Kaliber [EPIDEMIC SOUND] (Lyrics)_noise_-5dB_sample1.wav",181,15,60,5,0,7,13,74,2,1,0,6,0,3,4,6,15,168,149,77,2,66,44,5,81,5,0,0,1,0,13,11,35,3,74,4,0,9,2,0,0,2,0,3,2,0,140,2,0,13,1,11,634,4,1,0,0,30,0,0,13,8,1,0,4,1,0,17,8,0,6,0,1,3,62,18,0,17,1,29,0,17,1,34,0,28,3,2,10,1,4,2,0,2,81,5,56,4,16,2,2
"44_Sacred Beast_noise_-5dB_sample2.wav",183,9,48,36,5,5,12,17,2,2,1,2,12,19,28,8,14,170,141,77,1,64,48,7,89,4,9,3,2,2,13,11,32,32,19,11,18,1,4,1,2,0,1,0,2,25,97,3,2,66,3,11,12,3,10,1,1,30,1,6,1,35,2,1,0,69,8,12,1,1,2,19,1,2,53,23,0,622,4,17,0,19,4,59,1,28,2,2,2,25,2,2,6,3,78,2,55,4,20,2,2
"51_088. Steven Universe - We Are The Crystal Gems_noise_-5dB_sample2.wav",181,1,44,22,0,7,11,0,1,2,0,2,7,1,1,5,12,161,128,73,3,66,68,7,79,5,0,0,2,1,11,11,28,6,12,12,0,0,3,1,1,3,1,1,2,1,105,2,0,7,0,11,13,12,2,0,1,25,1,8,1,6,3,2,2,23,0,11,0,1,3,11,101,3,67,23,0,15,3,1,2,23,1,5,1,34,4,3,2,2,0,1,2,4,76,2,64,6,24,1,3
"48_027. MAGIC! - Rude (Official Video)_noise_-5dB_sample1.wav",243,6,52,4,1,2,15,1,1,1,0,2,1,2,2,1,13,167,147,79,3,66,48,6,77,2,1,4,4,21,11,11,34,12,6,6,1,198,0,0,0,2,0,1,12,2,130,1,0,2,3,11,15,5,7,1,0,40,0,4,1,0,1,2,1,1,0,16,1,0,0,0,1,6,63,19,3,19,4,19,0,15,0,4,0,25,4,4,2,2,0,2,2,6,77,1,64,4,12,0,2
"73_Turn the Lights Off_noise_-5dB_sample2.wav",193,6,48,4,0,4,98,9,2,0,0,1,8,0,3,1,13,162,107,75,2,66,44,3,71,4,1,4,4,906,11,11,24,8,66,9,0,5,0,2,9,2,1,4,12,2,77,25,0,2,1,11,12,108,1,0,4,22,2,2,1,0,0,10,57,0,1,11,2,0,2,15,1,7,55,14,0,17,3,7,0,13,2,1,0,28,10,9,2,0,2,0,0,3,75,1,44,5,9,2,2
"25_035. Alan Walker - Sing Me To Sleep_noise_-5dB_sample2.wav",183,0,54,12,1,3,14,1,0,1,2,1,11,1,42,8,11,164,152,77,3,66,54,4,74,2,6,0,2,4,11,11,32,8,14,7,3,0,2,5,2,2,0,2,2,11,102,0,1,4,3,11,15,7,5,0,6,35,1,8,1,5,4,2,3,2,3,14,0,2,1,10,0,6,52,19,1,22,4,16,0,15,0,12,4,25,2,3,3,1,4,2,5,4,85,1,54,168,8,1,3
"8_081. The Beach Boys - I Get Around_noise_-5dB_sample2.wav",167,3,44,7,0,4,11,0,2,1,1,3,0,7,2,6,14,149,117,73,6,55,55,7,84,2,4,2,3,0,14,11,29,6,10,11,2,1,4,0,0,171,1,3,6,2,102,5,0,0,1,11,11,6,1,3,2,30,0,4,0,4,2,2,2,2,0,13,1,1,2,0,1,2,56,33,3,14,4,46,1,25,0,1,1,28,4,3,4,2,4,4,2,2,73,7,56,4,26,2,2
"10_012. Calvin Harris - I Need Your Love (Official Video) ft. Ellie Goulding_noise_-5dB_sample1.wav",167,2,44,4,0,2,12,1,4,1,5,6,6,12,11,1,12,152,86,66,0,56,44,4,61,2,2,0,4,4,8,11,28,28,18,6,1,0,4,0,1,2,3,1,2,265,87,7,0,6,5,11,13,3,3,1,1,24,10,6,4,15,0,0,0,4,1,15,1,1,4,2,0,7,48,19,2,13,4,17,0,15,0,8,8,31,4,3,1,1,0,5,6,4,65,1,46,9,10,3,4
"47_020. Warriors (ft. Imagine Dragons)  Worlds 2014 - League of Legends_noise_-5dB_sample1.wav",168,1,48,6,1,2,23,1,0,0,0,3,0,0,5,0,11,148,150,76,2,65,44,5,73,4,0,0,3,6,11,11,32,8,5,14,1,0,2,0,3,1,0,1,4,0,94,0,0,0,0,11,13,22,1,0,1,34,0,10,0,0,2,6,2,0,0,13,1,381,2,1,0,1,52,17,1,15,2,11,0,22,3,2,2,32,3,1,2,4,0,2,3,9,77,0,54,10,10,0,8
"60_057. Get Off The Phone Song_noise_-5dB_sample1.wav",178,3,44,11,0,2,5,0,3,0,2,0,1,1,4,1,7,143,60,69,2,33,28,7,33,4,0,2,2,0,4,11,22,5,12,9,2,2,2,1,2,2,0,148,25,0,65,3,0,3,0,11,11,4,0,1,1,22,0,1,0,2,0,2,6,2,0,11,2,1,2,3,0,6,41,21,1,5,3,5,1,13,1,8,0,25,10,3,2,12,1,4,2,4,41,2,46,3,15,0,2
"69_066. Jessie J - Bang Bang ft. Ariana Grande, Nicki Minaj_noise_-5dB_sample1.wav",183,12,48,4,0,3,11,0,2,0,2,2,4,0,1,0,13,182,87,66,0,66,44,7,68,3,0,0,6,0,11,11,28,12,17,6,0,1,0,0,1,2,2,0,3,0,101,0,0,0,0,12,13,3,0,83,0,40,0,8,1,6,1,2,1,6,0,12,4,4,0,3,0,3,61,11,3,15,5,28,0,16,0,2,3,28,4,2,1,1,1,2,2,6,77,0,56,6,5,2,1
"59_014. Avicii - Hey Brother (Lyric)_noise_-5dB_sample2.wav",175,466,48,9,54,4,23,0,87,2,28,2,2,27,3,3,30,158,141,77,2,66,56,174,13935,2,308,2,2,7,12,11,37,310,14866,2,3,21,161,0,87,2,18,1,4,8,381,2,0,777,26,11,63,8,40,26,3,28,0,57,24,5,2,4,2,2,0,185,1,12,155,56,12,54,71,15,1,51,2,38,21,15,18,874,7,43,4,272,3,3,21,37,4,16,85,1,56,2,4,30,6
"64_097. Nightcore - Running With the Wolves [Lyrics]_noise_-5dB_sample2.wav",165,1,48,8,0,5,9,0,1,2,2,4,1,6,2,0,11,143,77,72,2,59,32,4,39,1,1,0,2,0,6,11,27,3,4,7,1,4,0,0,0,1,0,1,4,0,72,0,0,0,0,11,11,16,1,1,5,24,0,1,0,8,4,4,4,0,0,11,0,1,3,0,1,6,36,19,245,11,2,8,2,17,1,3,2,34,2,2,1,1,0,0,2,3,57,1,44,3,16,0,3
"33_076. Galantis - Firebird (Official Audio)_noise_-5dB_sample1.wav",162,4,44,7,2,5,13,1,2,0,1,5,3,9,1,0,11,170,105,71,6,63,51,8,62,4,0,2,4,1,13,11,24,6,6,10,1,1,4,2,2,4,12,2,2,1,99,2,0,5,1,11,12,6,1,2,1,23,1,6,411,2,4,3,1,0,1,10,1,2,4,1,1,3,57,17,3,17,6,9,1,20,1,2,1,28,6,3,3,3,2,4,2,4,67,2,55,68,14,1,4
"70_You and Me_noise_-5dB_sample1.wav",166,1,52,4,1,5,11,2,9,2,2,9,1,2,1,0,11,149,126,76,4,47,46,6,67,3,1,8,3,0,12,11,35,5,6,4,3,2,4,2,1,1,5,2,3,5,94,2,0,5,2,11,11,8,5,8,3,28,0,1,1,3,6,1,1,10,1,13,10,4,7,1,1,10,333,15,2,13,3,20,2,15,2,7,2,28,4,1,2,2,1,2,4,3,72,4,52,5,4,1,18
"2_023. Rachel Platten - Fight Song (Official Video)_noise_-5dB_sample1.wav",174,1,52,7,0,5,12,5,4,1,2,1,1,0,57,164,14,150,141,77,6,47,51,7,72,3,4,0,3,3,13,11,29,4,4,9,5,0,2,3,2,2,0,1,2,0,104,0,8,1,1,11,11,8,0,0,0,29,0,1,1,2,6,2,1,7,4,13,0,12,6,60,0,3,52,27,2,17,3,18,0,17,1,6,1,34,3,3,3,2,0,9,12,2,77,2,62,8,18,0,8
"11_062. Pipe Guy - HouseTranceTechno Live_noise_-5dB_sample2.wav",171,2,56,4,1,4,11,7,2,2,0,5,2,1,2,1,14,168,140,77,9,66,60,5,79,5,2,0,3,1,13,11,34,4,12,5,2,2,1,0,0,4,0,3,2,0,120,2,7,1,2,11,11,5,1,1,1,31,1,1,1,6,2,3,3,5,1,15,2,6,2,5,1,6,58,21,4,16,1,14,0,17,1,16,2,31,4,6,3,3,1,3,2,2,85,2,58,4,16,1,1
"81_013. Passenger  Let Her Go (Official Video)_noise_-5dB_sample2.wav",174,3,44,132,0,3,10,1,2,2,0,1,0,0,1,0,13,146,97,66,1,66,44,3,55,6,2,0,2,0,11,11,28,8,4,9,2,0,0,1,4,2,1,1,3,0,76,0,0,2,0,11,11,4,0,5,0,28,0,7,0,2,48,2,1,0,2,11,1,3,7,0,0,9,46,15,0,16,2,8,0,15,0,0,1,34,2,3,2,2,0,4,2,5,64,0,48,8,11,3,4
"54_016. Taylor Swift - Blank Space_noise_-5dB_sample1.wav",169,3,44,3,8,4,13,0,2,3,2,2,1,1,2,1,11,145,120,74,2,42,44,4,62,6,1,0,8,1,11,11,36,12,4,10,0,0,1,2,0,7,0,1,2,1,82,9,0,2,0,11,14,4,1,0,0,159,1,7,0,2,2,4,1,1,0,12,0,0,2,0,1,2,48,15,1,12,4,23,0,15,1,6,2,28,2,2,2,2,0,2,3,6,65,2,54,8,8,4,2
"29_010. Katy Perry - Part Of Me (Official)_noise_-5dB_sample2.wav",169,12,44,4,365,6,21,0,6,4,0,2,3,20,1,3,15,157,106,71,0,55,50,16,152,4,1,0,4,0,10,11,33,10,131,6,0,0,13,0,15,2,9,0,2,3,126,1,0,172,5,11,19,7,1,0,3,32,1,11,10,5,1,2,0,3,1,11,1,4,18,1,2,20,69,23,1,17,2,4,0,19,0,74,3,31,6,59,4,2,1,10,2,5,73,1,59,7,15,3,4
"78_026. Katy Perry - Firework (Official Music Video)_noise_-5dB_sample2.wav",169,6,48,4,0,5,12,0,3,2,2,4,1,1,3,4,13,159,130,77,0,64,46,4,74,3,0,1,3,3,11,11,24,2,6,8,0,0,0,1,2,4,1,2,1,0,95,42,0,5,0,11,13,8,0,0,2,25,0,2,0,2,3,4,1,3,1,12,0,1,2,0,0,6,59,19,2,17,2,8,0,19,0,0,1,28,4,3,2,2,0,0,2,4,77,1,56,8,16,1,1
"75_078. Kungs vs Cookin on 3 Burners - This Girl (Official Music Video)_noise_-5dB_sample1.wav",168,9,48,5,4,3,233,1,1,0,0,4,0,0,14,1,12,155,148,77,0,66,44,4,74,2,0,0,2,1,11,11,29,12,14,3,0,0,13,1,0,2,10,0,4,15,101,8,0,1,9,11,11,3,0,0,1,31,11,4,2,4,1,3,1,2,0,14,0,0,5,3,2,3,57,19,0,17,3,17,0,14,0,4,5,28,4,3,2,22,0,4,0,4,81,2,54,4,8,1,9
"96_089. American Boy by Estelle and Kanye West_noise_-5dB_sample2.wav",169,2,44,2,0,4,17,2,1,2,2,2,18,2,1,3,11,173,132,73,2,66,48,1,69,2,0,0,6,0,11,11,29,8,4,4,1,1,0,0,0,2,1,1,5,1,134,3,0,6,1,11,17,8,1,0,1,31,1,8,0,4,2,2,3,5,0,11,1,2,0,0,1,11,60,11,1,17,2,9,2,15,1,6,0,28,6,3,1,2,1,4,6,4,75,4,53,5,76,1,0
"20_Never Meant to Know_noise_-5dB_sample1.wav",168,3,48,4,0,3,13,0,2,0,2,2,2,0,4,4,12,151,131,77,0,62,48,4,70,2,1,2,2,0,16,11,37,7,14,3,0,0,0,0,1,2,1,1,2,0,104,1,0,2,0,23,11,238,1,0,1,28,0,2,0,4,4,2,1,4,0,13,0,2,2,0,0,3,58,21,0,14,2,9,0,14,0,3,2,25,4,1,1,1,0,2,2,3,77,1,52,4,12,3,2
"9_034. Pitbull - Timber (Official Video) ft. Ke$ha_noise_-5dB_sample1.wav",172,3,52,18,1,4,11,13,4,0,1,2,1,2,95,21,13,173,140,68,3,58,48,4,64,3,9,0,4,20,555,11,39,8,6,71,5,0,8,10,4,1,1,0,6,0,108,0,0,1,0,11,13,5,1,4,1,34,0,4,1,3,1,2,3,32,6,13,1,15,42,48,0,3,60,34,0,20,3,13,0,15,0,4,1,34,7,0,24,3,3,16,42,5,73,2,54,11,6,0,3
"1_028. Capital Cities - Safe And Sound_noise_-5dB_sample2.wav",171,0,52,4,1,4,12,2,1,0,3,2,11,2,60,9,12,153,83,72,3,55,42,6,51,5,1,0,2,26,11,11,140,3,8,11,125,0,0,1,1,2,0,0,4,0,75,0,0,1,6,11,11,4,0,0,2,16,0,4,1,13,3,1,90,16,0,9,1,1,11,1,3,6,46,24,0,14,3,8,0,21,1,30,1,29,2,27,1,3,0,4,1,5,67,0,40,6,17,0,15
"31_058. Rub Some Bacon on It_noise_-5dB_sample1.wav",179,1,56,544,10,16,15,6,6,6,20,18,129,6,187,98,14,182,138,264,3,66,48,3,182,30,3,9,4,10,13,17,34,2117,115,4,18,3,2,7,6,1,1,4,7,129,134,2,4,308,8,11,14,32,59,0,1,30,14,1,3,4,4,27,2,28,0,14,0,2,9,73,4,6,72,17,4,81,10,12,1,19,4,12,18,123,39,43,7,1,2,13,2,9,89,88,56,32,5,1,13
"37_063. Bastille - Pompeii (Official Music Video)_noise_-5dB_sample2.wav",163,1,44,1,0,2,11,0,1,1,0,2,1,0,1,1,11,157,60,66,4,56,34,7,50,2,0,0,3,0,7,11,17,14,4,8,1,0,0,0,1,1,0,0,1,0,64,0,1,0,0,11,10,2,0,0,0,27,0,5,0,2,0,2,0,0,0,7,0,0,2,0,1,5,37,15,0,11,6,8,0,15,1,2,0,25,2,1,0,2,0,0,0,4,71,0,33,4,7,0,2
"70_You and Me_noise_-5dB_sample2.wav",171,5,48,4,0,3,16,1,2,1,0,3,2,3,23,2,12,149,124,78,6,66,48,4,73,3,0,3,3,1,12,11,46,5,5,3,1,0,0,4,1,6,1,1,4,0,109,1,0,2,1,11,11,3,1,0,2,25,2,4,1,6,2,2,0,0,2,11,4,3,2,6,42,6,334,19,3,16,1,11,1,17,3,2,0,32,9,3,3,3,0,2,2,4,75,1,56,4,10,1,5
"28_074. American Authors - Best Day Of My Life_noise_-5dB_sample1.wav",178,3,48,44,0,4,6,7,1,1,1,3,1,1,0,0,8,166,61,67,6,38,24,5,30,3,9,0,2,2,5,12,29,3,3,11,1,0,0,0,1,0,73,0,3,1,55,0,2,6,1,11,9,9,1,0,0,22,0,5,1,4,2,2,5,25,4,10,1,1,2,32,1,4,32,23,0,9,3,9,11,18,1,160,0,28,2,4,1,2,0,5,0,3,32,0,44,8,20,0,4
"41_The Bidding_noise_-5dB_sample1.wav",174,3,44,4,1,3,17,1,1,2,0,2,0,1,0,3,11,153,108,71,3,56,46,4,58,2,1,0,2,1,11,11,28,6,6,4,1,1,0,0,0,2,1,1,5,0,84,1,0,2,1,11,17,10,0,1,2,31,1,12,0,4,1,2,1,1,0,11,1,0,2,0,1,6,50,21,2,11,2,2,2,18,2,1,2,28,4,1,1,2,1,2,2,5,73,1,127,14,14,1,4
"25_035. Alan Walker - Sing Me To Sleep_noise_-5dB_sample1.wav",171,1,64,10,4,3,11,9,0,2,0,2,1,2,3,11,12,147,115,67,1,63,44,12,74,6,8,0,1,1,13,11,32,5,8,6,1,1,24,0,1,4,0,1,2,2,80,0,1,1,6,11,14,57,9,0,2,29,3,9,1,6,0,4,0,3,0,16,13,0,0,44,0,6,48,19,1,16,7,28,1,15,0,24,1,28,6,6,2,13,3,4,6,5,71,0,50,96,12,0,4
"20_Never Meant to Know_noise_-5dB_sample2.wav",174,14,52,4,0,6,11,1,2,1,1,1,1,0,8,1,13,162,78,70,6,56,42,5,58,3,1,0,1,0,11,11,21,2,1,3,1,0,15,0,1,4,1,1,3,0,66,0,0,1,1,11,10,326,0,0,0,21,0,6,1,2,2,2,1,1,0,8,4,5,2,0,0,3,36,12,1,15,2,12,0,11,1,1,2,32,28,2,2,2,0,0,1,4,74,1,43,11,6,1,4
"34_The Trap_noise_-5dB_sample2.wav",168,10,52,4,4,2,13,0,2,1,4,2,13,18,22,6,13,173,144,77,3,67,52,2,71,2,3,2,2,0,11,11,28,20,12,6,4,0,2,2,1,2,2,2,2,61,942,16,0,24,1,11,13,5,4,0,1,26,8,6,1,4,2,2,1,10,0,13,1,2,2,7,1,6,65,19,2,16,2,8,0,20,1,2,2,25,5,3,0,1,2,4,2,3,85,2,60,8,12,1,2
"95_053. Avicii - Hey Brother_noise_-5dB_sample2.wav",168,33,56,8,0,3,13,0,2,1,0,1,0,3,0,0,14,165,139,78,10,54,44,5,234,4,1,1,3,0,11,11,29,6,167,3,2,0,3,1,2,6,1,1,3,6,104,2,1,5,4,11,11,8,5,0,0,37,2,10,0,3,4,4,1,5,1,13,2,2,1,0,2,6,52,19,1,13,2,16,0,17,1,27,12,34,3,2,5,11,0,2,2,4,86,1,56,8,12,0,2
"55_009. Taylor Swift - Shake It Off_noise_-5dB_sample1.wav",174,1,48,5,1,4,15,59,3,2,2,7,3,1,169,3,11,173,120,77,1,57,52,4,72,108,7,5,2,0,11,11,34,5,10,6,1,0,7,231,2,2,0,1,3,2,96,7,4,14,1,11,11,5,12,0,2,22,4,10,1,4,2,4,5,77,1,11,0,2,2,17,2,4,60,19,1,16,2,4,0,18,2,6,2,28,9,4,1,2,0,4,4,4,77,2,56,6,12,1,4
"24_047. Girls Talk Boys (from the Ghostbusters Original Motion Picture Soundtrack)_noise_-5dB_sample2.wav",169,3,44,5,8,6,12,0,1,1,0,2,0,0,1,1,12,156,124,76,2,65,54,3,61,2,1,0,6,1,11,11,24,12,22,6,2,0,4,0,2,6,0,2,4,1,83,0,0,27,3,11,11,6,1,2,1,34,0,8,2,2,1,6,2,6,0,11,0,0,4,2,1,12,52,21,1,14,6,12,1,17,0,13,2,34,3,7,5,2,3,168,1,7,65,1,55,4,14,1,2
"3_100. Owl City & Carly Rae Jepsen - Good Time (Official Video)_noise_-5dB_sample2.wav",166,0,48,8,0,2,11,0,0,1,4,4,1,11,18,2,12,150,106,68,1,65,42,2,63,4,6,0,2,0,10,12,22,8,4,7,0,0,0,0,2,4,26,1,2,2,74,1,0,12,2,11,11,2,14,0,0,39,2,2,1,4,2,0,1,3,0,11,0,0,4,0,0,6,50,21,1,14,3,4,0,16,0,1,1,34,6,0,2,4,0,4,4,4,77,1,48,4,7,4,1
"94_Banana Man_noise_-5dB_sample1.wav",167,3,44,2,1,3,13,2,1,2,2,2,4,1,3,2,11,178,109,71,4,52,52,2,58,264,0,1,7,0,11,11,35,3,12,6,2,1,4,8,1,3,1,2,1,1,90,1,0,1,1,11,11,4,2,0,2,22,2,1,0,30,2,2,0,1,1,11,0,1,2,0,2,6,52,16,0,15,2,4,1,14,2,2,2,25,4,1,1,2,0,2,4,2,61,2,54,4,12,1,1
"71_083. My Singing Monsters - Plant Island Theme_noise_-5dB_sample1.wav",171,5,44,359,2,7,14,78,23,2,0,2,4,1,1,1,11,143,125,76,2,61,4604,10,71,9,0,7,6,4,11,11,28,97,5,4,19,1,15,12,21,4,1,4,4,0,96,0,4,55,0,11,11,172,0,0,7,25,0,10,1,28,3,2,351,155,4,11,0,154,15,9,0,6,50,25,0,14,1,7,7,26,0,602,5,58,473,4,9,4,0,4,7,3,77,4,52,10,16,1,8
"29_010. Katy Perry - Part Of Me (Official)_noise_-5dB_sample1.wav",169,6,44,9,48,5,12,1,1,2,2,2,1,18,2,1,12,163,123,72,6,55,48,4,72,4,1,1,4,0,11,11,34,5,6,6,2,1,0,1,1,2,9,2,1,0,121,7,0,8,1,11,13,4,9,1,1,23,2,4,1,7,2,2,1,4,1,11,1,1,4,0,1,5,61,19,0,16,2,5,1,19,1,5,1,35,12,3,1,0,2,4,7,4,69,6,55,2,12,5,4
"63_087. Anaconda - Nicki Minaj  The Fitness Marshall  Dance Workout_noise_-5dB_sample1.wav",167,3,44,6,0,2,15,0,1,0,2,1,0,0,1,1,12,176,132,77,0,66,44,2,66,4,0,0,1,0,11,11,28,8,3,2,0,0,0,0,0,0,2,2,3,0,124,1,1,2,0,11,13,5,2,0,1,28,0,6,0,6,1,1,1,0,0,12,0,1,0,0,0,3,64,13,2,16,145,6,0,19,0,2,2,34,4,3,3,1,1,4,2,2,77,0,54,6,3,0,4
"74_029. David Guetta - Hey Mama (Official Video) ft Nicki Minaj, Bebe Rexha & Afrojack_noise_-5dB_sample2.wav",167,1,52,22,0,3,15,5,0,0,0,4,1,1,62,4,12,165,142,77,3,66,46,2,75,2,0,0,2,4,11,11,28,6,2,50,5,0,4,1,3,4,0,1,3,0,108,0,4,0,0,11,11,3,0,0,1,31,0,2,2,5,1,2,1,18,2,13,0,19,15,38,0,3,52,17,1,20,2,8,0,14,0,4,0,25,4,3,2,1,2,4,124,4,77,2,58,6,6,0,5
"18_044. tony igy-stop in my mind_noise_-5dB_sample1.wav",166,3,48,105,4,4,9,3,0,3,2,2,1,3,2,0,11,165,79,69,5,44,40,3,44,3,0,5,2,3,8,249,22,16,4,9,1,0,0,1,0,4,0,3,8,1,68,0,1,0,1,11,11,4,1,0,0,20,1,3,0,6,1,1,0,3,4,10,3,0,6,28,1,4,51,19,1,12,5,2,0,17,0,3,2,28,10,56,5,2,1,1,2,4,55,1,48,7,12,1,9
"36_072. Jessie J - Price Tag ft. B.o.B_noise_-5dB_sample1.wav",170,1,46,6,1,4,10,0,1,1,0,3,3,2,4,1,12,167,116,68,3,66,44,3,61,2,0,0,3,0,9,11,30,6,6,3,0,0,0,1,0,4,0,1,2,0,108,0,0,0,0,12,11,12,1,2,0,31,0,6,0,2,1,2,0,2,0,11,0,0,2,0,0,6,56,13,2,16,3,9,0,15,0,4,1,28,6,0,1,2,2,3,2,4,83,2,54,4,4,1,2
"100_059. Nilla Wafer Top Hat Time  Song - Rhett & Link_noise_-5dB_sample2.wav",173,3,48,4,0,4,15,1,1,1,0,3,1,0,4,3,13,179,132,80,3,66,46,2,66,3,0,1,2,1,15,11,47,4,3,2,0,0,4,1,2,4,1,2,2,0,102,0,0,1,0,11,11,2,0,0,0,25,0,1,0,4,2,2,2,0,0,11,0,2,4,1,3,18,62,11,3,18,1,4,0,15,0,2,0,28,4,3,5,1,2,0,4,1,77,0,60,3,2,2,4
"58_039. OMFG - Hello_noise_-5dB_sample2.wav",170,6,44,3,12,4,12,2,2,3,1,1,2,5,2,2,11,143,98,77,2,66,41,6,39,4,2,1,1,0,11,11,25,2,6,3,2,1,6,0,1,2,1,2,4,3,77,2,0,1,2,11,11,2,1,0,1,27,0,4,5,4,3,1,1,2,0,12,5,2,4,0,1,2,30,17,4,14,2,12,1,13,2,1,1,25,5,6,3,3,4,3,2,168,77,3,44,2,6,4,3
"57_Numb_noise_-5dB_sample2.wav",170,10,40,21,10,23,12,0,2,2,2,1,18,9,10,16,11,170,106,69,2,65,49,2,65,5,1,18,4,2,11,16,27,74,16,13,8,1,3,4,7,2,0,2,13,0,119,0,0,0,0,44,13,22,17,0,0,21,1,4,0,5,4,6,16,32,0,10,13,4,3,21,1,3,58,16,4,15,1,8,0,16,0,12,2,25,278,1,2,1,0,2,7,3,70,2,56,8,9,0,4
"7_092. Harry Potter Medley on Marimba_noise_-5dB_sample2.wav",172,104,48,4451,1,6,19,183,14,4,0,2,32,5,8,3,12,167,107,75,3,52,566,19,63,54,6,2,6,2,14,11,51,16,21,8,6,1,5,10,24,2,2,0,2,0,102,0,20,186,0,11,11,55,2,0,3,25,0,8,2,118,8,2,55,979,9,12,1,55,3,28,3,6,65,38,4,40,2,4,6,22,0,798,0,243,50,3,2,2,2,25,5,11,71,0,66,3,12,5,8
"67_090. Josh Groban - You Raise Me Up (Official Music Video) [HD Remaster]_noise_-5dB_sample2.wav",172,430,48,2,0,4,15,1,8,8,14,4,10,29,1,1,12,173,140,77,3,66,48,4,76,4,36,8,2,1,12,11,30,2,26,6,49,2,0,0,2,0,0,1,1,3,117,7,0,1,1,11,12,4,49,0,2,25,0,1,1,14,9,2,3,37,7,13,0,2,1,0,0,0,62,13,0,18,1,19,1,19,0,0,0,34,3,2,5,365,2,0,2,4,77,2,52,2,2,1,2
"93_015. Lukas Graham - 7 Years [Official Music Video]_noise_-5dB_sample1.wav",178,58,64,13,1,6,13,0,2,2,0,6,3,2,30,8,16,167,161,78,3,68,62,5,211,2,15,2,4,1,11,11,40,64,123,4,7,1,17,0,3,3,13,0,2,73,132,261,0,112,2357,11,11,16,13,0,8,34,21,2,5,8,2,0,2,0,0,16,1,4,22,19,4,6,67,21,1,15,1,35,0,18,4,51,12,28,4,123,3,0,7,10,0,7,97,0,60,2,10,5,3
"10_012. Calvin Harris - I Need Your Love (Official Video) ft. Ellie Goulding_noise_-5dB_sample2.wav",175,6,44,4,1,4,10,0,2,0,5,2,2,12,5,1,14,155,112,69,6,64,46,4,58,3,0,2,3,4,11,11,22,18,6,3,3,2,4,0,0,4,1,1,2,207,72,2,0,4,5,11,11,2,2,1,2,27,0,4,4,3,1,0,0,2,1,11,2,1,4,0,1,3,42,11,3,13,2,16,0,25,1,20,4,28,4,3,1,3,1,3,2,3,66,1,44,6,6,1,4
"5_002. Avicii - Wake Me Up (Official Video)_noise_-5dB_sample1.wav",171,10,40,14,1,1,14,3,2,2,1,1,5,1,3,5,14,180,97,70,3,55,43,6,60,4,0,2,9,1,10,11,22,9,6,4,1,1,1,1,1,1,2,0,2,0,119,0,1,18,0,11,11,5,0,0,0,23,1,2,1,4,4,2,0,40,3,10,1,0,2,0,1,3,54,16,0,13,1,8,5,15,3,7,1,33,20,2,0,1,0,2,4,5,65,1,49,2,8,1,4
"79_095. Alan Walker - Alone_noise_-5dB_sample1.wav",169,6,56,4,0,4,13,1,2,0,0,7,1,0,4,3,13,162,138,77,2,66,44,2,74,2,2,1,5,1,13,11,34,8,4,4,1,1,2,1,2,1,2,3,3,3,106,25,0,1,21,11,13,2,6,1,4,34,183,2,4,3,2,3,3,5,1,14,1,2,6,2,1,3,52,15,0,17,3,12,2,13,3,1,1,28,3,5,3,5,4,3,2,4,77,3,48,3,4,2,2
"0_096. Nightcore - Mad World_noise_-5dB_sample2.wav",173,0,52,4,0,5,13,2,1,2,2,2,1,2,0,0,13,167,99,66,805,64,72,3,69,2,0,1,2,0,11,11,26,111,9,6,0,1,0,0,0,4,1,2,2,2,94,1,0,44,3,11,17,5,1,0,0,37,0,10,0,2,3,4,3,0,0,13,0,3,2,0,2,6,58,12,0,16,2,28,15,19,0,10,3,34,2,3,2,1,1,4,8,6,70,0,50,5,6,0,1
"82_A Lady_noise_-5dB_sample1.wav",172,18,44,348,0,4,14,26,22,0,2,2,3,2,4,6,11,146,132,77,0,66,55,36,76,2,1,0,4,7,11,11,28,29,5,5,13,0,819,0,14,6,0,4,2,1,104,39,1,6,1,11,17,77,0,0,3,37,3,10,5,4,2,2,319,0,3,11,4,77,20,7,3,9,60,15,1,13,4,4,1,28,2,86,2,31,75,6,4,2,1,2,4,5,77,0,50,10,6,1,4
"62_061. LEFT SCREEN ONLY Spot the Differences_noise_-5dB_sample2.wav",167,4,44,170,8,4,11,2,4,4,2,3,2,4,10,1,11,173,65,69,2,50,56,58,46,6,3,2,2,10,12,11,28,7,3,10,4,3,4,5,4,2,2,3,4,1,80,12,0,3,4,11,11,5,2,2,3,19,2,2,1,4,3,3,1,2,4,11,5,1,2,2,3,7,43,18,2,16,3,7,220,14,5,3,3,31,4,3,4,3,6,6,6,5,50,6,53,6,14,4,2
"78_026. Katy Perry - Firework (Official Music Video)_noise_-5dB_sample1.wav",170,84,54,15,0,6,17,0,0,0,0,2,3,6,4,3,15,168,142,77,3,66,54,6,86,2,0,0,2,0,13,11,40,6,5,6,0,0,4,0,1,8,2,0,2,0,147,179,0,7,0,76,11,8,0,0,3,28,0,4,0,7,2,2,2,3,0,11,0,1,2,0,2,6,66,25,4,17,2,20,1,17,0,2,0,28,6,3,2,11,2,0,0,2,77,0,66,0,18,1,4
"22_094. Harry Potter Puppet Pals - The Mysterious Ticking Noise (Video With Lyrics)_noise_-5dB_sample2.wav",169,1,48,100,0,2,13,12,3,2,0,3,4,1,1,18,12,173,146,77,1,66,54,3,71,10,0,4,2,14,11,11,28,18,2,7,5,0,0,1,8,2,2,1,2,0,116,0,0,4,0,11,11,19,0,0,1,25,0,1,0,4,1,2,52,3,2,12,1,22,2,2,1,1,55,13,2,15,1,4,0,224,1,166,1,25,43,6,1,0,1,2,3,3,77,1,60,4,2,1,2
"102_018. Shawn Mendes - Stitches (Official Music Video)_noise_-5dB_sample1.wav",168,16,44,4,0,4,14,0,1,1,0,4,1,7,2,1,11,170,107,72,3,66,56,3,66,4,0,2,2,0,11,11,29,4,6,4,0,0,7,1,1,2,2,0,5,2,96,1,0,3,0,11,11,7,1,1,1,22,2,8,1,2,2,2,1,0,0,11,1,1,2,0,1,6,54,11,1,15,1,2,1,15,1,1,3,31,4,1,2,13,2,2,2,2,77,2,54,8,8,0,2
"24_047. Girls Talk Boys (from the Ghostbusters Original Motion Picture Soundtrack)_noise_-5dB_sample1.wav",167,3,44,11,2,10,13,1,2,0,0,3,0,6,2,0,11,149,121,75,3,61,44,5,64,2,1,0,4,3,11,11,46,25,21,11,1,4,0,1,2,1,0,1,4,1,110,1,0,12,2,11,15,26,1,3,0,37,0,12,0,5,2,1,1,1,0,11,1,2,8,3,1,9,53,21,2,15,3,11,0,25,0,8,1,31,4,4,2,3,1,196,4,8,75,0,65,12,20,1,2
"61_045. The Black Eyed Peas - I Gotta Feeling (Official Music Video)_noise_-5dB_sample2.wav",176,3,44,9,3,4,13,0,1,0,2,4,2,6,20,3,11,173,123,73,0,36,52,7,69,4,27,1,2,1,12,11,26,16,11,8,6,1,34,5,5,2,0,3,1,9,105,1,1,2,3,11,13,53,3,0,0,25,2,2,1,6,2,4,5,3,22,11,4,0,6,29,1,6,58,23,0,13,2,6,0,21,1,27,2,885,4,2,9,1,2,0,2,3,64,22,54,6,18,0,4
"76_073. Lindsey Stirling - Crystallize (Dubstep Violin Original Song)_noise_-5dB_sample2.wav",174,66,45,539,3,14,8,155,5,1,0,2,33,10,141,27,11,170,88,72,0,38,274,4,46,34,6,1,2,5,13,11,42,30,8,62,28,4,1,22,2,4,2,1,3,2,95,0,45,277,2,11,11,16,18,0,2,22,0,1,1,192,3,2,1,3717,17,11,3,4,1,78,1,6,59,19,2,44,2,4,10,19,0,1223,9,208,7,2,4,33,0,17,7,2,58,1,63,20,16,3,45
"7_092. Harry Potter Medley on Marimba_noise_-5dB_sample1.wav",169,2,48,3527,5,4,13,11,5,2,0,2,5,16,26,48,12,171,123,72,0,47,69,11,63,2,35,1,2,9,45,11,30,10,6,7,3,0,50,15,10,4,1,1,1,0,95,0,1,21,0,11,11,539,1,4,1,24,2,2,1,6,43,2,11,39,29,11,63,15,6,79,3,5,52,35,2,14,2,4,76,15,0,263,4,34,12,3,37,0,0,2,17,4,68,1,52,35,10,1,2
"77_065. Nightcore - Ghostbusters_noise_-5dB_sample1.wav",166,1,48,11,0,5,8,4,0,0,0,4,11,1,3,0,12,162,104,66,1,91,42,3,66,2,1,0,2,0,10,11,22,8,6,4,31,1,0,2,3,4,1,1,8,0,95,3,0,1,1,11,15,6,1,0,2,25,0,8,0,13,0,1,0,16,7,11,5,2,4,7,0,10,50,19,1,14,2,12,1,15,0,3,0,28,2,3,1,2,0,2,4,4,69,1,48,15,9,1,3
"40_052. Lindsey Stirling - Moon Trance (Official Music Video)_noise_-5dB_sample2.wav",174,3,44,15,4,6,11,3,2,5,0,2,3,0,37,10,11,175,129,481,3,56,50,4,66,2,4,0,2,20,13,18,30,5,12,6,2,0,8,6,10,4,1,1,4,0,123,8,1,62,1,11,11,14,2,0,1,22,1,8,0,3,0,32,6,3,3,11,1,8,12,13,2,6,59,17,2,15,3,5,1,18,1,20,6,28,34,10,2,5,0,0,3,2,77,2,58,6,10,1,18
"55_009. Taylor Swift - Shake It Off_noise_-5dB_sample2.wav",170,3,48,10,8,3,12,3,1,0,4,2,2,1,18,12,12,173,132,66,0,66,52,3,59,4,1,3,4,7,11,11,32,14,8,6,2,1,3,184,1,2,0,1,3,0,97,0,2,6,5,11,15,8,1,0,1,40,0,4,0,6,3,4,4,4,2,11,5,2,4,7,2,9,64,17,0,16,4,12,0,19,4,6,0,39,4,3,12,0,2,2,6,6,63,1,58,8,6,1,2
"90_064. Eurythmics, Annie Lennox, Dave Stewart - Sweet Dreams (Are Made Of This) (Official Video)_noise_-5dB_sample2.wav",175,0,56,19,0,3,12,0,2,1,0,2,0,5,1,0,11,173,145,76,6,62,44,3,65,4,0,0,3,0,11,11,28,4,6,3,6,0,0,1,1,4,2,1,2,0,98,0,0,2,0,11,11,2,0,3,5,28,0,6,1,4,6,4,3,3,0,16,0,2,0,0,2,3,62,17,1,13,3,17,1,15,0,0,0,28,2,0,2,115,0,1,2,4,73,0,53,0,8,5,0
"105_101. Yann Tiersen - Comptine d`un autre ete - l`apres-midi_noise_-5dB_sample2.wav",167,1,48,108,8,3,12,8,0,4,0,2,3,1,139,14,12,170,73,79,3,56,50,4,45,6,4,0,5,14,45,12,23,95,13,50,5,1,0,3,36,2,5,2,6,0,66,3,0,5,1,17,11,43,29,1,1,23,0,3,5,2,8,15,2,38,5,11,1,18,30,643,4,4,38,23,0,14,3,8,0,15,11,16,0,34,6,1,2,2,0,9,14,4,52,0,44,13,14,0,7
"86_019. Naughty Boy - La la la ft. Sam Smith (Official Video)_noise_-5dB_sample1.wav",165,3,44,10,0,4,13,0,3,0,0,2,0,0,0,0,11,151,121,77,2,56,44,3,71,7,0,0,2,4,11,11,23,5,6,6,15,0,2,0,1,4,0,1,1,0,95,0,0,0,0,11,11,3,1,1,0,22,0,2,0,2,2,4,0,0,2,11,3,0,4,0,0,6,56,17,1,16,2,15,0,14,0,0,0,34,4,26,4,1,0,4,4,4,75,2,51,3,12,1,6
"19_054. Owl City - When Can I See You Again (From Wreck it Ralph)_noise_-5dB_sample2.wav",172,3,52,11,2,5,12,4,2,3,1,2,5,5,41,1,13,159,141,77,6,60,46,4,76,4,2,0,3,2,11,11,30,6,4,5,0,0,4,3,1,1,0,3,3,5,112,0,0,12,5,11,13,6,2,1,0,26,0,2,0,2,3,0,11,0,4,13,1,6,48,4,1,6,64,21,2,16,2,8,0,20,0,6,0,28,8,5,3,0,0,3,2,4,78,0,59,8,18,1,3
"41_The Bidding_noise_-5dB_sample2.wav",168,3,44,6,1,4,8,6,2,1,2,4,3,4,2,1,11,168,85,66,4,47,38,4,52,7,0,1,2,0,10,11,24,5,5,5,1,0,0,2,1,4,1,1,0,0,85,2,10,9,0,11,11,2,1,1,3,24,0,4,0,5,1,3,0,60,0,11,1,1,6,0,1,8,42,17,1,15,1,3,2,15,1,2,1,29,2,2,2,2,2,2,2,4,55,3,93,5,8,2,2
"84_001. Anna Kendrick - Cups_noise_-5dB_sample1.wav",169,1,44,7,0,7,22,0,4,2,1,2,1,0,2,1,14,156,127,75,3,62,46,8,80,2,0,0,2,0,13,11,30,5,5,11,0,0,0,1,2,4,4,1,3,0,109,0,0,1,0,11,13,6,0,0,1,24,0,4,0,2,2,4,0,0,0,11,1,2,4,0,0,4,64,23,2,18,3,4,2,21,0,2,1,31,20,2,3,1,0,6,0,4,75,2,54,4,20,1,8
"74_029. David Guetta - Hey Mama (Official Video) ft Nicki Minaj, Bebe Rexha & Afrojack_noise_-5dB_sample1.wav",169,1,44,5,1,3,11,0,2,3,1,2,1,1,41,2,12,157,88,72,3,55,42,6,42,4,7,0,5,3,11,11,20,3,12,8,2,0,0,4,2,1,1,1,4,1,75,1,0,3,0,11,11,14,2,0,1,16,0,6,1,3,2,1,3,1,8,8,2,7,2,24,3,2,58,17,1,15,2,10,1,15,0,28,3,28,2,9,2,4,3,2,115,3,45,2,41,7,15,1,2
"94_Banana Man_noise_-5dB_sample2.wav",168,2,43,2,0,1,5,2,1,1,1,1,2,1,1,3,11,143,60,66,1,66,23,5,32,91,0,1,1,0,2,11,20,15,6,9,2,0,0,1,1,2,2,1,2,0,61,0,1,4,2,11,12,5,0,0,2,11,0,7,1,4,1,1,0,3,1,10,0,0,2,1,2,6,28,14,0,15,3,10,1,22,0,3,1,25,1,3,3,2,0,0,0,6,55,1,30,5,13,1,2
"21_085. Janji ft. Johnning - Heroes Tonight 1 HOUR_noise_-5dB_sample1.wav",168,3,52,8,0,4,16,0,1,2,4,5,2,1,2,0,13,173,138,77,3,66,54,4,78,4,1,9,6,0,11,11,37,4,8,7,1,1,4,0,1,3,3,1,2,1,135,1,1,9,0,11,13,8,2,0,1,26,0,2,2,4,4,3,1,2,0,13,0,2,8,0,1,6,68,21,0,18,2,8,1,19,0,12,0,34,4,1,0,1,1,4,12,4,79,4,58,4,16,3,8
"17_084. Thomas Rhett - Crash and Burn_noise_-5dB_sample1.wav",168,7,53,3,0,3,10,2,1,5,3,4,6,1,1,18,111,147,104,73,3,58,46,6,59,4,0,0,3,0,11,11,36,4,6,7,0,0,2,1,1,4,3,0,2,5,86,18,0,42,1,11,11,2,0,1,2,26,0,7,2,2,6,0,7,5,0,17,0,0,1,0,0,0,52,23,0,12,3,13,0,15,3,1,6,25,3,1,2,3,2,0,4,2,63,1,48,4,20,0,2
"27_022. Major Lazer & DJ Snake - Lean On (feat. MØ) [Official Music Video]_noise_-5dB_sample1.wav",175,3,44,5,2,2,15,3,1,251,0,8,0,2,1,0,11,143,74,66,0,63,45,7,66,3,0,3,1,2,11,11,24,4,10,5,2,0,1,0,1,2,3,3,3,1,76,15,0,0,2,11,13,5,0,0,4,28,0,6,1,4,2,2,2,0,0,11,0,0,10,0,0,4,40,21,1,11,1,14,1,16,1,9,1,34,0,1,0,2,1,0,4,4,77,1,52,5,12,0,2
"47_020. Warriors (ft. Imagine Dragons)  Worlds 2014 - League of Legends_noise_-5dB_sample2.wav",167,2,48,6,2,5,13,1,2,4,3,5,7,2,19,8,12,156,122,77,6,38,44,3,75,3,5,12,2,2,11,11,32,4,4,7,1,2,7,3,4,2,2,4,2,1,96,2,0,2,1,11,11,22,0,1,4,24,2,3,2,4,3,2,0,2,4,12,6,129,10,8,0,4,50,19,0,16,2,7,3,17,1,19,3,44,4,4,4,1,2,3,4,2,71,6,56,3,14,8,2
"79_095. Alan Walker - Alone_noise_-5dB_sample2.wav",166,8,44,5,2,3,5,0,1,1,0,1,1,1,22,2,5,168,85,69,3,44,32,4,32,5,1,6,2,1,5,11,28,2,5,12,1,0,1,1,1,4,16,1,1,2,85,16,0,11,3,16,11,6,2,7,3,22,172,10,3,0,2,1,3,5,1,11,1,2,2,7,1,8,52,19,0,6,4,4,1,15,2,13,3,25,4,1,3,1,1,2,2,4,53,1,60,4,15,3,4
"86_019. Naughty Boy - La la la ft. Sam Smith (Official Video)_noise_-5dB_sample2.wav",167,1,48,4,1,4,13,6,1,2,1,2,19,3,3,2,11,161,123,77,5,52,48,4,83,4,2,0,2,1,11,11,34,4,6,6,2,4,0,0,1,4,0,3,8,0,101,1,0,2,0,11,11,16,1,0,0,25,0,6,0,2,2,3,1,0,0,14,1,2,6,0,1,6,54,23,1,14,2,15,3,19,0,2,0,31,2,10,4,24,0,1,2,3,75,2,54,2,16,2,6
"85_011. Martin Garrix - Animals (Official Video)_noise_-5dB_sample1.wav",188,0,56,3,0,2,12,17,2,2,10,2,28,225,11,1,14,163,141,77,6,66,54,4,86,3,0,2,2,0,11,11,26,4,6,6,4,0,1,4,1,4,0,1,27,0,102,1,0,6,1,41,13,9,8,0,0,28,1,1,0,2,4,1,2,4,1,72,0,2,0,2,1,0,52,23,9,13,2,16,4,15,0,2,0,22,4,48,2,9,0,0,3,3,77,2,52,2,17,2,2
"98_021. Alan Walker - Faded_noise_-5dB_sample2.wav",175,53,44,3,2,2,28,3,4,4,2,3,1,13,22,14,13,173,132,67,6,66,46,9,60,4,0,4,5,3,11,11,38,7,16,3,1,1,2,0,2,2,12,3,3,2,101,63,0,27,5,989,13,17,15,2,4,27,2,14,4,6,4,9,2,8,0,11,2,7,1,0,3,2,56,13,2,16,3,10,2,15,2,2,3,28,2,0,2,3,9,2,4,44,71,23,53,8,8,3,1
"9_034. Pitbull - Timber (Official Video) ft. Ke$ha_noise_-5dB_sample2.wav",176,1,56,5,0,1,7,0,7,0,2,2,1,0,3,0,12,128,54,66,1,60,22,6,28,2,3,0,2,0,207,11,24,5,8,9,0,4,0,0,1,4,1,2,1,0,151,0,0,1,0,11,11,5,0,0,0,23,0,2,1,5,1,4,0,0,0,10,1,0,4,0,4,4,38,11,0,14,3,35,0,11,0,4,0,42,2,0,0,1,0,2,2,15,45,1,36,1,7,0,6
"69_066. Jessie J - Bang Bang ft. Ariana Grande, Nicki Minaj_noise_-5dB_sample2.wav",168,0,44,11,0,2,12,3,2,4,1,2,2,2,1,0,12,155,92,75,1,62,58,4,65,2,0,1,6,0,9,11,25,4,12,7,1,0,4,2,0,1,1,0,1,0,59,1,1,3,1,11,11,5,1,39,1,20,2,3,0,3,3,3,2,6,1,11,2,2,4,1,0,5,41,15,1,13,2,8,0,15,1,5,3,28,4,2,5,3,1,0,2,3,65,2,52,8,12,1,4
"35_036. Fall Out Boy - Centuries (Official Video)_noise_-5dB_sample2.wav",168,2,52,3,0,2,14,0,2,4,0,2,1,3,3,0,13,158,132,77,0,66,48,5,70,4,1,1,2,0,12,11,26,6,6,84,1,0,8,0,0,1,0,0,3,0,109,2,0,5,1,11,15,4,0,3,0,31,0,6,1,4,1,0,0,0,2,11,0,0,4,0,0,3,57,15,1,19,1,8,0,16,0,0,0,25,8,2,1,2,3,4,5,6,77,1,55,6,6,2,0
"96_089. American Boy by Estelle and Kanye West_noise_-5dB_sample1.wav",169,13,44,6,1,2,11,0,2,3,1,2,1,2,2,0,11,166,100,66,0,40,44,4,58,2,1,4,4,0,11,11,33,3,28,6,1,1,0,0,0,4,1,1,2,0,76,0,1,2,2,11,12,8,0,0,2,20,0,4,0,2,1,2,9,0,0,10,3,1,2,0,0,3,53,17,0,12,2,7,0,18,1,6,1,31,3,1,2,2,1,0,2,5,61,4,46,5,131,0,3
"16_038. P!nk - Just Give Me A Reason ft. Nate Ruess_noise_-5dB_sample1.wav",169,1,48,2,3,3,10,1,1,1,0,1,1,1,6,4,9,167,68,68,4,50,24,5,31,4,2,1,1,3,4,11,22,8,2,9,0,1,0,1,3,2,1,2,1,1,81,1,0,1,1,11,7,4,3,1,0,16,0,1,1,2,0,2,1,6,1,11,0,1,2,0,0,91,42,25,4,9,4,8,2,18,0,3,0,28,1,3,3,2,1,3,2,2,38,3,34,4,10,0,3
"34_The Trap_noise_-5dB_sample1.wav",168,1,52,6,2,4,12,0,2,2,0,2,1,9,3,3,13,159,150,77,1,66,46,3,69,3,0,0,3,0,11,11,28,6,17,3,3,0,4,0,1,4,2,1,1,0,415,1,0,29,8,11,17,3,8,0,2,34,2,6,1,2,1,4,1,3,0,13,0,0,2,1,1,5,52,16,4,16,4,12,6,22,1,19,1,28,8,6,4,2,3,3,2,4,69,1,49,4,6,1,4
"28_074. American Authors - Best Day Of My Life_noise_-5dB_sample2.wav",167,5,44,40,2,8,12,11,3,2,2,1,3,0,8,3,13,209,121,74,2,65,56,3,68,3,2,0,3,1,10,11,26,7,6,9,4,0,0,2,1,2,1,2,1,0,81,1,1,9,2,11,15,4,2,0,0,31,0,6,0,3,2,2,1,31,0,11,0,2,6,11,0,6,58,17,1,12,3,21,1,16,3,20,2,25,4,1,2,1,0,4,0,5,73,2,47,8,10,4,2
"31_058. Rub Some Bacon on It_noise_-5dB_sample2.wav",168,2,56,8,0,4,11,0,3,0,6,8,19,0,23,7,11,173,129,105,5,65,48,4,72,4,1,0,3,4,12,11,39,195,61,10,14,0,0,0,1,5,1,2,3,152,107,1,0,183,12,11,11,2,1,2,1,25,3,2,1,2,4,0,2,3,0,15,1,1,3,6,0,0,56,19,1,19,4,4,0,18,3,0,2,36,8,1,2,1,1,13,6,3,77,2,57,21,14,5,3
"22_094. Harry Potter Puppet Pals - The Mysterious Ticking Noise (Video With Lyrics)_noise_-5dB_sample1.wav",167,0,56,39,0,2,11,3,3,1,0,1,3,0,1,3,14,156,126,66,3,65,44,11,63,8,0,0,2,2,11,11,22,15,9,7,2,0,0,0,2,1,0,1,2,0,74,0,0,4,1,11,12,19,0,0,1,28,1,6,0,12,0,2,53,2,2,11,0,22,2,1,0,10,48,18,2,13,4,23,0,141,0,20,1,23,20,1,0,4,0,0,3,5,67,2,52,18,21,2,4
"92_025. Fall Out Boy - Immortals (From Big Hero 6)_noise_-5dB_sample1.wav",167,1,48,3,0,6,9,1,0,2,1,1,1,1,1,0,12,162,114,68,0,34,46,4,59,20,2,176,8,2,9,11,28,4,2,3,0,0,0,4,0,2,0,1,8,1,80,22,1,3,0,11,22,68,1,0,0,24,0,2,3,4,1,1,5,0,0,11,3,1,4,0,1,2,52,22,4,14,1,7,0,19,1,4,1,28,6,6,3,0,7,0,2,4,58,0,50,5,14,1,2
"14_099. Sheppard Geronimo - [International Version] (Official music Video)_noise_-5dB_sample2.wav",176,5,52,8,2,5,22,2,4,0,0,5,2,0,2,6,12,158,135,77,6,65,48,4,79,4,185,0,2,1,15,11,34,3,7,10,6,2,2,4,1,4,2,0,2,2,115,1,0,11,7,11,11,3,5,0,0,24,0,4,1,4,2,4,6,8,3,15,0,3,3,5,2,3,64,19,0,14,3,7,1,21,1,2,1,34,5,6,5,1,1,2,3,2,81,2,54,4,16,1,4
"14_099. Sheppard Geronimo - [International Version] (Official music Video)_noise_-5dB_sample1.wav",171,1,62,3,0,4,11,0,1,0,0,1,1,1,7,3,11,161,117,75,0,61,50,5,70,2,129,1,7,1,11,11,38,16,7,11,3,1,0,0,0,1,0,2,1,1,171,0,0,3,1,12,11,50,1,0,1,44,0,2,0,2,3,1,1,1,0,17,0,1,3,12,1,2,48,23,0,11,9,49,0,13,1,21,0,31,2,1,2,0,0,1,1,9,71,1,47,6,18,1,4
"38_082. Smoke and Mirrors_noise_-5dB_sample1.wav",168,3,44,37,3,5,11,2,2,4,8,5,3,20,1,2,15,173,138,76,3,62,54,8,95,6,5,6,4,1,13,11,30,8,12,3,3,1,4,1,4,3,1,3,2,1,106,41,0,294,1,11,11,6,3,2,3,26,0,2,2,4,2,2,1,38,1,13,4,0,6,5,2,0,68,25,2,20,1,29,1,16,3,2,1,37,8,2,5,1,0,1,6,3,75,1,60,8,16,4,3
"53_102. What_noise_-5dB_sample1.wav",164,1,52,71,0,2,9,5,3,1,4,3,4,0,0,3,13,143,78,68,3,63,37,7,44,6,17,1,4,1,7,11,21,8,12,7,1,0,2,0,1,6,1,1,5,0,82,1,2,15,3,11,11,2,0,0,0,20,0,12,0,242,3,4,4,64,0,10,1,1,4,4,0,3,35,14,0,12,3,8,1,11,1,71,1,28,2,2,2,3,2,2,1,3,64,2,40,7,10,0,4
"104_024. twenty one pilots Stressed Out [OFFICIAL VIDEO]_noise_-5dB_sample2.wav",173,3,44,4,0,4,12,1,2,2,4,2,1,4,3,0,12,185,90,69,6,45,52,5,63,4,0,2,1,5,11,11,32,4,3,6,1,0,4,2,1,4,1,1,2,0,99,0,0,2,0,11,11,5,0,0,1,22,0,1,0,2,4,4,0,0,390,11,0,2,3,0,13,5,71,24,1,14,2,11,1,19,0,2,1,31,4,3,3,2,1,0,2,3,56,1,56,4,18,0,2
"54_016. Taylor Swift - Blank Space_noise_-5dB_sample2.wav",172,4,48,30,2,5,13,1,0,2,0,3,1,4,1,0,12,163,155,77,6,66,44,4,66,6,0,0,2,0,13,11,28,4,3,3,1,0,0,1,1,4,1,3,1,3,106,1,0,1,1,11,13,8,2,0,4,95,3,1,2,2,4,4,1,1,1,12,0,2,4,0,0,3,58,17,1,16,1,12,0,13,0,2,1,28,2,2,3,2,1,1,2,3,81,1,54,4,6,3,4
"66_Cruel_Summer_noise_-5dB_sample1.wav",176,3,44,6,0,2,8,0,2,2,0,4,2,2,21,2,11,175,81,66,0,54,44,4,56,6,1,3,4,0,7,11,22,12,6,13,2,1,2,2,2,6,1,2,2,2,95,0,72,2,1,11,15,5,2,0,1,33,0,5,1,5,2,1,1,3,1,10,2,10,4,1,2,12,56,19,1,19,5,22,2,16,2,2,1,28,7,1,2,0,1,1,1,6,59,1,46,4,15,1,1
"4_003. Lorde - Royals (US Version)_noise_-5dB_sample1.wav",170,3,44,12,1,2,15,0,1,1,2,2,1,1,0,0,15,173,115,77,3,59,52,5,60,5,0,4,3,0,11,11,36,3,6,6,1,0,0,0,1,2,1,1,3,0,110,1,4,4,0,11,11,8,1,0,0,30,0,3,3,4,2,2,1,0,0,15,1,1,4,0,0,6,52,21,0,12,2,18,0,19,0,2,1,31,8,0,2,0,0,4,2,3,86,1,54,4,10,0,4
"35_036. Fall Out Boy - Centuries (Official Video)_noise_-5dB_sample1.wav",169,4,44,4,0,3,11,0,1,2,0,2,0,2,2,1,12,161,88,77,3,54,44,5,52,4,0,4,2,0,11,11,30,1,2,5,1,0,2,1,0,2,0,2,2,0,84,1,0,0,0,11,11,8,0,0,0,22,0,0,0,4,4,0,1,0,0,11,1,0,4,0,1,3,49,21,2,11,1,12,0,15,0,5,1,34,4,3,2,1,0,0,0,2,58,1,54,2,14,1,4
"59_014. Avicii - Hey Brother (Lyric)_noise_-5dB_sample1.wav",175,2,48,7,2,3,13,2,2,1,5,4,11,3,1,6,12,173,138,77,3,66,58,4,224,6,0,1,2,0,13,11,50,31,324,3,7,2,4,2,5,2,0,1,1,5,130,1,0,2,7,11,11,8,0,1,5,24,3,1,9,6,2,2,5,3,0,12,10,5,2,0,1,2,62,17,2,15,1,12,1,19,1,29,2,25,2,1,1,2,2,2,4,7,81,2,56,4,10,2,8
"36_072. Jessie J - Price Tag ft. B.o.B_noise_-5dB_sample2.wav",171,3,56,2,1,3,13,0,1,2,0,2,3,1,2,3,13,173,132,77,3,66,46,2,72,3,0,1,2,0,11,11,44,4,7,5,1,2,0,1,0,4,4,0,1,0,128,1,0,2,0,11,11,4,2,0,1,22,0,6,0,4,2,0,0,1,0,13,0,1,0,2,0,1,60,17,1,15,1,4,0,15,0,2,1,28,6,3,1,1,0,0,2,3,101,2,54,6,10,1,4
"42_046. Meghan Trainor - NO_noise_-5dB_sample2.wav",172,0,46,6,0,3,12,2,1,0,4,2,5,2,1,0,13,173,135,77,3,66,52,2,76,2,0,0,113,2,13,11,27,3,8,2,0,0,2,1,0,2,1,2,2,0,114,0,1,5,1,11,12,5,2,0,1,22,1,2,1,6,4,1,1,1,1,12,0,0,4,6,1,1,59,13,1,15,0,6,0,15,1,6,1,34,3,1,3,2,6,2,2,2,77,1,54,2,2,2,3
"52_007. Katy Perry - Dark Horse ft. Juicy J_noise_-5dB_sample2.wav",169,3,50,6,1,4,15,1,0,1,0,1,1,1,0,2,13,153,133,77,6,64,44,6,68,3,1,0,2,0,13,11,34,5,4,3,0,2,0,0,2,2,1,3,3,0,109,2,0,1,0,11,14,6,0,0,1,31,0,3,0,6,6,2,0,0,0,13,0,2,1,0,0,12,52,21,0,21,3,12,0,16,1,1,0,31,8,3,2,2,0,2,2,5,82,2,52,6,6,98,4
"16_038. P!nk - Just Give Me A Reason ft. Nate Ruess_noise_-5dB_sample2.wav",166,1,52,4,1,8,10,2,1,0,0,2,2,1,13,1,11,149,78,70,3,48,28,4,35,2,0,1,2,6,6,11,28,3,2,7,1,1,0,0,0,1,1,1,1,1,46,0,0,1,0,11,11,3,1,1,0,22,0,2,1,2,1,2,0,3,0,12,0,1,2,2,1,153,33,23,1,11,2,12,0,17,1,6,1,28,2,0,3,1,0,3,2,3,53,2,44,4,18,0,2
"26_017. David Guetta - Titanium ft. Sia (Official Video)_noise_-5dB_sample1.wav",174,2,60,25,5,4,11,0,0,2,1,6,1,5,2,12,11,148,122,76,3,59,46,3,62,4,1,0,4,0,11,11,30,8,6,8,0,0,2,2,0,4,0,5,3,3,92,0,0,1,6,11,11,5,6,0,2,34,0,274,0,0,1,0,2,0,1,15,1,0,10,0,0,4,48,15,0,16,5,33,0,15,0,4,1,52,2,6,5,1,0,2,2,4,73,3,49,0,8,0,4
"63_087. Anaconda - Nicki Minaj  The Fitness Marshall  Dance Workout_noise_-5dB_sample2.wav",174,1,48,30,2,3,7,0,1,2,1,1,1,2,1,1,12,151,95,73,2,49,36,6,37,5,1,0,1,0,7,11,23,2,10,6,2,0,4,0,1,2,1,1,1,2,70,1,0,1,0,11,11,2,3,0,0,30,0,12,2,2,1,1,0,0,0,11,1,0,2,0,1,3,54,23,2,11,136,14,0,16,0,5,0,28,1,2,2,1,0,0,4,2,60,1,55,4,11,0,2
"88_033. Fifth Harmony - Worth It (Official Video) ft. Kid Ink_noise_-5dB_sample1.wav",170,12,44,2,0,5,6,0,1,0,74,2,1,0,1,1,11,173,76,67,0,33,44,5,49,8,0,0,4,1,7,11,28,3,10,10,0,1,0,1,1,2,1,0,3,1,87,2,0,0,0,11,11,21,1,7,0,21,0,4,2,5,2,0,1,1,0,10,1,0,0,7,1,6,54,21,5,7,3,4,0,22,0,5,3,28,3,2,1,1,0,2,2,8,51,1,52,7,20,0,3
"2_023. Rachel Platten - Fight Song (Official Video)_noise_-5dB_sample2.wav",180,3,44,76,4,5,8,10,1,2,2,3,6,0,8,204,10,185,88,73,2,54,39,7,50,4,1,0,1,1,8,11,24,38,7,6,2,3,0,1,7,4,0,1,6,3,74,0,0,11,0,11,10,8,5,0,0,22,1,0,1,4,2,0,0,5,2,12,0,1,2,5,2,12,42,17,0,13,3,3,0,11,4,8,0,40,2,4,4,1,0,15,0,3,54,1,46,3,9,1,22
"100_059. Nilla Wafer Top Hat Time  Song - Rhett & Link_noise_-5dB_sample1.wav",172,13,44,5,1,2,14,1,1,4,2,3,1,1,1,2,13,170,115,77,3,55,74,4,64,4,0,1,4,9,12,11,34,8,4,4,0,0,0,2,2,4,1,1,3,3,104,0,2,2,0,11,13,16,2,2,1,34,1,8,0,2,2,5,9,2,0,13,0,2,2,1,2,6,63,15,5,13,3,8,0,17,0,6,2,28,4,1,331,2,1,3,2,6,75,1,63,8,6,0,6
"1_028. Capital Cities - Safe And Sound_noise_-5dB_sample1.wav",256,1,48,2,1,6,15,0,2,2,2,2,3,2,1,0,12,160,103,75,3,48,52,6,59,6,0,1,1,11,11,11,26,2,3,3,14,0,1,0,2,2,0,1,2,2,86,1,0,1,0,11,11,4,2,0,0,24,0,4,0,2,3,2,34,1,1,11,0,0,2,2,2,3,63,17,0,13,1,4,0,25,1,2,1,31,6,0,3,3,2,2,0,4,78,1,52,4,12,1,1
"38_082. Smoke and Mirrors_noise_-5dB_sample2.wav",186,63,46,12,128,34,32,1,26,7,0,18,5,891,8,13,12,173,136,76,6,66,50,62,755,6,35,0,3,2,12,11,24,44,846,7,38,8,46,0,45,7,17,2,4,9,629,622,5,11454,82,11,11,4,25,1,10,26,14,46,3,15,4,1,3,288,2,22,0,12,23,13,6,48,64,19,0,32,2,7,7,21,1,445,40,25,7,517,9,4,25,13,2,7,161,90,64,8,14,35,25
"39_051. Galantis - No Money (Official Video)_noise_-5dB_sample2.wav",185,3,44,9,0,4,11,0,2,2,0,0,1,0,4,1,11,166,120,75,2,46,44,6,72,8,1,8,3,11,13,11,86,8,2,12,2,1,0,0,1,2,0,1,1,0,78,0,0,0,0,11,11,2,1,0,0,34,0,2,0,0,2,115,40,0,0,12,6,7,3,22,1,4,56,25,0,15,3,20,0,22,0,5,1,25,8,4,2,2,0,0,2,8,61,2,49,4,18,0,12
"87_079. twenty one pilots Heathens (from Suicide Squad The Album) [OFFICIAL VIDEO]_noise_-5dB_sample2.wav",185,2,60,6,2,6,16,5,1,2,2,3,6,1,23,9,13,158,83,67,1,65,36,4,49,2,5,0,3,8,18,11,31,3,10,26,8,2,0,3,7,4,7,3,9,0,82,1,4,2,2,11,11,22,2,0,0,19,0,6,1,4,1,3,22,5,1,11,5,6,17,39,2,6,42,64,0,14,2,17,1,19,0,11,0,31,2,1,1,2,0,21,4,6,67,1,44,16,9,0,6
"32_086. Olly Murs - Grow Up (Official Video)_noise_-5dB_sample1.wav",179,87,44,16,1,5,7,4,3,0,6,2,1,37,0,0,11,156,69,66,3,60,44,6,58,5,10,8,5,5,10,11,22,11,6,13,31,13,0,0,1,5,3,1,1,2,64,8,0,1,2,11,12,3,7,1,4,37,3,5,2,2,24,3,5,6,1,10,0,2,4,1,1,7,44,15,0,13,6,785,34,16,0,0,2,34,2,2,2,70,1,0,1,4,56,1,40,10,12,0,11
"80_077. Emeli Sandé - Hurts_noise_-5dB_sample2.wav",180,3,48,94,2,5,13,8,2,0,1,3,2,1,7,7,12,155,125,77,2,61,44,6,75,7,2,6,2,3,11,11,30,20,8,13,1,1,8,1,1,1,1,2,430,1,112,0,2,2,1,11,11,13,1,1,0,22,1,4,1,7,4,1,1,5,0,11,1,1,7,13,4,2,58,21,1,14,4,6,0,17,4,4,2,28,4,17,2,1,3,4,5,3,69,2,51,4,18,1,2
"90_064. Eurythmics, Annie Lennox, Dave Stewart - Sweet Dreams (Are Made Of This) (Official Video)_noise_-5dB_sample1.wav",178,1,48,3,0,3,10,0,2,1,1,1,1,0,1,0,9,143,77,72,2,48,35,6,47,3,0,0,1,0,8,11,32,2,4,9,0,0,0,0,0,2,0,1,2,0,71,0,0,1,2,11,11,4,1,0,0,23,1,2,0,3,2,2,3,0,1,12,1,0,2,0,0,6,41,15,0,11,4,8,0,16,0,1,1,37,0,2,3,19,0,1,1,2,47,0,54,8,11,0,4
"99_080. Melanie Martinez - Carousel (Official Music Video)_noise_-5dB_sample1.wav",181,125,50,5,0,6,17,0,0,2,0,2,0,19,2,2,13,162,137,77,4,65,52,5,121,4,6,2,1,10,11,11,37,6,121,11,1,25,4,44,0,2,16,2,227,4,128,12,0,29,0,11,16,7,16,43,2,23,0,2,29,2,2,2,1,49,0,4351,1,2,4,0,8,3,63,19,3,16,2,12,0,17,0,37,1,47,2,2,4,20,17,1,3,3,77,2,67,4,26,37,4
"30_Cannibal_noise_-5dB_sample2.wav",182,5,56,797,6,16,15,45,50,4,0,3,3,6,5,2,12,173,144,77,2,66,74,87,74,11,1,7,1,12,12,15,40,97,2,4,17,1,22,5,26,2,2,2,5,2,130,5,1,39,2,11,13,252,9,5,3,25,1,4,1,3,3,6,565,19,1,13,1,305,42,11,3,3,58,18,4,16,3,4,8,22,8,858,8,31,401,6,1,2,5,2,8,4,77,2,64,7,6,2,5
"44_Sacred Beast_noise_-5dB_sample1.wav",182,5,44,18,4,2,12,9,4,4,0,4,7,10,19,6,14,149,110,76,6,61,41,2,70,2,8,2,3,1,11,11,28,22,14,7,7,2,0,0,4,1,1,2,2,18,117,15,1,44,8,11,13,4,7,0,1,34,3,4,0,31,0,2,1,35,11,11,1,2,10,19,1,6,58,19,0,558,3,10,1,19,3,58,3,28,4,9,5,1,1,2,3,4,69,3,50,13,14,2,10
"92_025. Fall Out Boy - Immortals (From Big Hero 6)_noise_-5dB_sample2.wav",182,3,56,6,0,4,13,1,0,2,0,2,0,1,2,0,14,179,140,77,3,66,44,7,82,5,1,151,2,0,11,11,37,4,1,5,2,0,1,1,3,2,1,2,1,0,119,0,5,5,1,11,11,5,0,0,2,28,0,0,1,4,3,2,3,9,1,11,2,4,2,6,2,3,60,27,2,15,1,16,0,20,2,4,2,31,1,1,3,0,1,4,2,2,77,1,59,8,22,1,2
"61_045. The Black Eyed Peas - I Gotta Feeling (Official Music Video)_noise_-5dB_sample1.wav",181,2,46,60,1,3,13,0,1,2,0,4,2,15,1,4,11,155,85,77,3,57,40,3,40,2,1,2,1,0,10,11,37,33,2,6,2,0,2,4,3,6,0,2,1,2,68,0,4,2,1,11,11,3,3,1,1,24,4,1,1,4,3,1,15,2,0,12,0,1,2,0,1,4,51,19,1,11,3,5,0,17,5,4,2,702,2,2,2,4,0,5,0,2,53,1,46,6,12,1,1
"23_048. Pharrell Williams - Happy (Official Music Video)_noise_-5dB_sample2.wav",181,10,44,4,1,7,8,0,0,1,0,2,1,5,4,0,11,160,85,73,3,37,44,4,62,3,0,1,1,0,10,11,29,3,4,12,0,0,0,0,0,2,4,1,1,2,101,11,0,5,1,11,11,16,3,2,2,25,1,2,1,8,2,0,1,3,0,11,0,2,2,0,2,8,60,19,2,12,4,3,0,19,0,2,2,31,6,2,1,1,206,4,0,2,58,2,53,4,22,2,2
"21_085. Janji ft. Johnning - Heroes Tonight 1 HOUR_noise_-5dB_sample2.wav",185,3,48,3,0,2,6,0,2,4,1,2,1,2,1,1,9,143,57,69,6,47,26,5,39,3,0,1,2,0,3,11,27,2,4,8,1,0,2,0,0,2,4,1,1,0,65,0,0,0,0,11,10,12,1,0,0,12,0,3,4,1,2,4,4,5,1,10,0,2,2,1,0,4,34,25,0,8,5,4,0,21,1,3,0,38,2,1,4,15,0,0,0,2,36,2,43,5,13,0,3
"91_Greener_noise_-5dB_sample2.wav",181,23,46,8,0,4,13,3,1,2,4,4,1,13,1,3,12,170,128,77,3,64,48,3,79,6,7,1,2,9,11,11,25,4,12,2,4,1,40,8,4,4,1,4,2,0,127,1,0,1,1,11,11,46,9,11,1,22,0,2,4,6,6,3,723,5,8,11,5,1,3,16,1,3,57,13,1,14,0,5,2,15,0,7,1,31,8,3,3,37,2,2,4,10,77,1,52,4,3,1,518
"51_088. Steven Universe - We Are The Crystal Gems_noise_-5dB_sample1.wav",180,3,52,11,8,5,15,0,2,1,1,2,2,2,2,1,15,155,85,73,4,48,36,8,37,4,0,4,1,0,6,11,27,11,8,9,6,8,2,1,2,1,1,5,6,7,91,4,0,4,0,19,11,7,1,0,11,22,0,13,0,2,1,2,3,9,0,11,3,2,4,4,560,4,53,19,2,12,7,21,1,22,21,5,6,35,5,1,2,0,3,2,2,2,55,3,55,4,14,0,2
"73_Turn the Lights Off_noise_-5dB_sample1.wav",189,2,44,5,1,3,31,5,0,0,0,3,0,0,2,0,9,157,73,72,3,52,36,3,47,2,0,2,2,494,9,11,24,2,8,3,0,0,2,1,4,3,0,3,5,0,67,4,0,0,1,11,11,16,1,0,4,22,0,1,0,2,1,4,14,14,0,11,2,0,0,27,1,6,35,17,2,10,2,5,0,11,3,1,1,31,2,3,3,0,0,0,0,1,45,0,48,2,7,0,4
"83_004. Katy Perry - Roar_noise_-5dB_sample2.wav",182,3,44,3,0,4,13,0,1,1,2,4,1,0,0,0,12,179,132,77,0,56,48,3,75,4,0,0,2,1,11,11,29,4,4,3,0,0,4,1,0,2,0,2,1,0,104,0,0,2,1,11,11,2,1,0,20,25,0,0,0,4,2,0,0,3,1,12,0,0,4,1,1,0,58,17,4,14,1,7,0,17,0,4,0,28,4,6,5,1,1,4,6,1,77,0,52,2,8,0,2
"80_077. Emeli Sandé - Hurts_noise_-5dB_sample1.wav",180,0,52,8,0,3,13,2,1,0,8,2,1,14,9,0,13,149,113,66,3,66,44,3,66,3,0,1,3,1,13,11,27,6,5,8,0,17,1,3,8,2,0,11,1023,1,88,1,0,0,0,11,15,6,1,4,0,28,0,6,1,6,3,2,0,0,0,101,9,1,8,2,1,3,52,19,6,15,4,8,4,18,0,12,1,34,2,127,0,21,2,1,2,5,75,0,51,6,12,0,14
"103_037. Calvin Harris, Rihanna - This Is What You Came For (Official Video) ft. Rihanna_noise_-5dB_sample2.wav",190,0,48,44,5,4,13,0,4,4,2,4,2,8,12,2,13,173,138,77,2,67,64,1,66,6,1,0,4,1,11,11,34,6,4,3,1,0,0,1,1,4,2,1,3,0,123,1,1,2,0,11,11,5,2,0,0,25,4,6,0,4,2,4,2,0,0,12,1,2,2,11,2,3,63,13,1,15,1,6,2,17,0,1,3,28,30,3,2,3,0,2,2,5,81,2,56,6,2,1,236
"104_024. twenty one pilots Stressed Out [OFFICIAL VIDEO]_noise_-5dB_sample1.wav",181,4,48,64,3,4,25,2,7,2,0,4,1,1,9,10,13,176,138,77,6,66,44,14,80,2,88,1,1,2,63,11,36,6,3,14,1,0,47,1,2,6,0,2,3,1,128,0,0,3,0,11,11,644,4,1,2,25,0,3,2,15,0,7,3,5,703,12,14,9,19,152,3,3,58,19,0,18,2,8,4,17,1,202,2,34,6,19,6,1,1,6,8,2,81,2,58,7,12,0,4
"91_Greener_noise_-5dB_sample1.wav",208,1,47,5,0,5,13,1,1,1,0,3,2,0,1,0,14,149,131,77,0,65,42,8,81,9,3,0,5,1,11,11,28,10,9,9,0,0,1,0,2,2,0,2,1,0,86,1,0,0,2,11,11,10,0,0,1,35,0,2,0,4,2,5,150,2,1,14,1,0,2,1,0,3,46,21,1,12,5,29,0,14,0,4,0,25,3,1,1,1,0,1,2,5,77,1,46,1,8,1,2
"40_052. Lindsey Stirling - Moon Trance (Official Music Video)_noise_-5dB_sample1.wav",200,5,48,65,2,0,15,6,2,4,2,1,4,0,41,6,12,162,115,100,2,66,44,3,66,2,29,1,2,2,17,11,23,6,3,68,3,0,12,1,11,2,0,7,2,0,102,0,1,9,0,11,11,250,0,3,0,31,0,2,0,5,2,7,1,3,22,11,4,23,19,37,0,4,56,13,0,13,2,4,0,22,0,48,2,25,20,5,1,0,0,3,8,4,77,1,52,8,3,0,9
"99_080. Melanie Martinez - Carousel (Official Music Video)_noise_-5dB_sample2.wav",190,20,44,29,2,4,14,1,2,3,4,1,2,22,2,1,11,141,93,66,4,67,40,4,70,6,3,3,4,16,9,11,24,9,70,5,1,27,0,3,2,1,13,1,3,4,84,2,0,5,1,8,20,5,1,12,1,23,0,7,4,3,2,3,0,1,2,666,3,3,8,2,2,3,45,15,10,12,7,10,2,14,1,37,1,34,6,3,2,7,4,4,4,3,69,1,46,4,10,2,6
"64_097. Nightcore - Running With the Wolves [Lyrics]_noise_-5dB_sample1.wav",194,6,56,2,2,2,11,0,3,2,1,1,0,2,2,1,15,158,141,77,9,66,54,4,84,2,0,0,2,0,13,11,28,4,4,6,3,1,2,0,1,1,0,1,2,0,114,6,0,4,1,11,11,4,1,0,1,28,0,6,1,3,2,2,1,3,0,12,1,2,0,25,1,1,62,23,231,16,2,16,0,15,1,4,0,25,4,2,3,0,2,2,1,3,77,0,63,8,16,0,0
"42_046. Meghan Trainor - NO_noise_-5dB_sample1.wav",185,3,48,3,1,2,15,3,1,2,0,2,1,2,1,0,12,160,135,79,3,66,48,4,70,4,0,0,81,1,13,11,38,4,3,1,1,1,4,1,2,2,1,1,1,0,105,1,0,0,0,11,14,15,0,1,1,25,0,2,1,2,2,2,2,5,0,12,2,2,2,0,0,6,58,15,0,15,1,7,0,17,1,4,0,28,12,2,2,1,2,1,6,8,81,2,56,2,4,1,2
"6_043. Wintergatan - Marble Machine (music instrument using 2000 marbles)_noise_-5dB_sample2.wav",182,4,50,9,126,21,11,30,3,1,0,1,5,21,11823,58,13,163,77,71,3,63,30,5,37,2,4,1,4,10,7,35,25,10,34,134,10,0,20,117,15,1,8,2,3,26,68,1,0,200,59,11,11,14,101,2,59,14,23,5,39,1,1,34,6,6,6,11,7,46,20,630,5,7,36,25,2,18,6,10,0,14,3,1,35,28,4,24,4,1,0,25,71,8,45,0,39,30,22,7,28
"8_081. The Beach Boys - I Get Around_noise_-5dB_sample1.wav",191,5,44,23,0,4,11,4,1,2,0,7,1,2,1,2,13,158,132,76,3,58,80,5,76,4,0,0,5,1,11,11,30,8,6,7,0,0,0,1,2,185,0,0,2,1,97,0,0,2,1,11,11,7,0,0,3,34,2,1,2,4,4,0,3,5,0,13,0,2,0,0,2,2,66,17,1,15,4,20,5,15,1,4,1,37,6,13,8,1,3,2,1,4,75,1,57,2,6,0,7
"0_096. Nightcore - Mad World_noise_-5dB_sample1.wav",181,2,48,6,0,2,13,2,2,2,2,3,1,4,1,1,12,174,135,75,402,66,47,4,72,4,2,3,2,2,11,11,30,31,4,2,1,1,0,1,0,1,1,1,5,1,102,2,0,100,1,11,13,4,0,1,2,25,0,10,2,6,1,1,0,0,1,11,0,4,1,1,0,3,56,13,1,14,1,6,2,16,0,2,2,28,4,3,3,3,2,7,8,4,77,2,52,10,2,1,4
"17_084. Thomas Rhett - Crash and Burn_noise_-5dB_sample2.wav",184,6,44,6,0,7,16,0,3,2,0,3,2,3,1,2,59,157,138,79,3,66,64,4,66,8,1,0,4,3,13,11,40,7,4,3,0,1,2,0,1,2,0,2,1,2,140,11,1,1,0,11,11,11,0,0,5,22,0,2,4,4,4,0,1,10,0,11,1,0,4,2,2,3,60,13,0,19,1,1,0,15,1,1,0,28,6,0,3,3,2,2,4,4,77,0,66,6,4,0,6
"13_030. Maroon 5 - Animals_noise_-5dB_sample1.wav",188,3,44,2,0,3,6,8,1,3,2,1,2,2,5,7,10,155,90,69,1,57,49,8,42,2,2,2,1,0,4,11,16,8,14,4,1,0,0,0,124,4,4,0,1,1,55,1,0,4,0,11,10,6,2,0,0,14,0,1,2,2,2,1,4,0,1,5,1,2,8,7,1,4,40,27,1,9,4,13,1,15,2,11,1,28,2,2,2,2,0,2,3,4,48,2,30,4,4,3,5
"37_063. Bastille - Pompeii (Official Music Video)_noise_-5dB_sample1.wav",191,6,48,2,4,3,5,2,2,1,2,3,3,2,2,6,7,143,73,71,2,36,27,55,35,5,1,4,2,4,6,11,25,2,5,7,4,2,0,4,6,2,1,2,3,1,56,1,0,2,2,11,11,10,0,2,2,22,1,2,3,1,2,2,1,2,3,11,4,4,1,6,4,4,32,19,2,6,3,13,4,13,1,6,2,28,3,3,2,2,2,4,1,5,44,4,50,5,10,4,2
"15_060. My OCD (Song)_noise_-5dB_sample1.wav",184,2,48,18,1,3,12,0,1,1,2,4,13,1,1,3,12,163,121,74,4,53,46,5,65,10,0,0,6,3,11,11,32,8,4,5,1,0,0,2,0,2,0,2,2,0,92,0,0,0,0,11,11,3,0,0,0,28,1,2,1,6,3,1,0,0,0,14,0,1,4,0,0,0,58,17,2,15,5,30,0,16,0,16,0,28,2,2,3,1,0,0,4,3,66,2,72,4,14,2,1
"43_098. Nightcore~ The Wolf_noise_-5dB_sample1.wav",183,3,44,2,0,4,12,1,0,1,2,1,4,6,0,3,11,170,132,77,5,63,50,4,66,3,1,3,3,1,11,11,38,6,10,4,0,0,0,0,0,2,0,1,4,2,104,0,0,1,0,12,13,4,0,0,1,31,0,8,0,3,3,2,0,1,0,12,0,0,0,1,0,3,62,15,0,15,2,6,0,21,1,6,2,28,4,3,1,4,1,0,1,4,75,150,53,8,11,0,2
"46_032. Katy Perry - Wide Awake (Official Video)_noise_-5dB_sample1.wav",181,3,56,18,0,94,15,0,1,0,0,2,2,4,11,1,11,173,132,77,0,65,48,2,68,4,0,0,2,1,11,11,34,6,4,5,1,1,0,2,1,1,1,2,1,2,115,1,0,0,0,11,11,2,1,0,1,31,1,0,1,2,1,0,2,0,1,14,0,0,2,15,0,2,54,17,0,13,3,12,0,19,0,0,2,28,9,0,1,0,0,4,2,3,77,0,52,4,10,0,4
"26_017. David Guetta - Titanium ft. Sia (Official Video)_noise_-5dB_sample2.wav",180,43,44,9,4,5,13,0,3,2,2,1,0,1,21,5,12,168,108,68,3,66,40,3,59,3,1,2,5,6,9,11,22,8,6,6,3,1,0,0,0,2,31,3,2,1,98,5,2,4,2,11,17,7,8,1,1,118,3,262,0,7,2,1,0,31,2,12,0,0,2,6,1,14,58,13,4,15,3,6,0,18,0,6,6,31,2,3,4,2,2,2,3,5,79,0,54,10,8,42,7
"82_A Lady_noise_-5dB_sample2.wav",183,53,48,31,8,4,16,5,5,0,0,2,1,2,11,0,12,163,128,77,0,60,44,10,109,8,7,0,2,5,11,18,28,7,112,58,0,3,1259,1,8,4,1,1,5,4,88,5,3,35,11,21,11,11,3,0,5,25,1,8,22,3,58,18,11,0,5,12,8,11,11,4,0,8,56,15,0,14,1,5,1,15,1,50,6,31,11,20,6,2,2,3,2,2,77,1,44,0,6,0,3
"57_Numb_noise_-5dB_sample1.wav",181,1,48,43,0,4,12,0,1,2,0,1,48,2,1,3,13,164,92,66,3,66,58,2,66,4,1,3,6,2,11,11,28,4,4,4,4,0,4,1,1,4,1,1,3,1,81,1,0,1,0,11,15,8,6,1,0,28,0,10,1,2,2,4,2,1,0,11,1,0,4,2,6,4,54,15,0,15,2,4,1,21,1,1,1,34,250,3,1,2,1,1,2,4,77,1,52,5,6,1,4
"68_055. Madness - Our House (Official 4K Video)_noise_-5dB_sample2.wav",184,3,44,4,1,6,12,1,2,2,2,2,3,1,1,0,12,163,131,76,0,66,59,5,71,4,0,0,1,3,11,11,39,4,4,6,0,0,0,0,1,2,1,2,2,1,121,0,1,0,1,11,13,6,0,1,1,25,1,2,0,6,2,1,1,1,0,12,1,2,0,7,2,3,61,17,0,17,2,4,0,18,72,3,2,31,4,1,1,3,0,0,2,4,79,2,55,3,8,1,0
"93_015. Lukas Graham - 7 Years [Official Music Video]_noise_-5dB_sample2.wav",181,3,44,2,1,6,10,4,1,2,2,2,0,1,0,3,7,143,83,73,3,41,34,6,34,5,1,0,1,1,6,11,28,9,3,9,1,0,0,1,4,4,1,2,2,2,74,0,0,1,130,11,11,7,0,0,1,24,0,1,0,1,3,4,0,0,2,12,2,0,4,1,1,6,48,15,0,14,2,3,0,20,2,3,1,34,4,5,2,2,0,2,0,4,53,0,58,6,13,0,3
"88_033. Fifth Harmony - Worth It (Official Video) ft. Kid Ink_noise_-5dB_sample2.wav",185,5,46,4,0,3,11,2,1,1,308,1,19,4,31,6,11,151,75,72,2,66,43,6,63,4,2,2,5,1,10,11,22,30,19,3,5,0,8,1,0,3,0,4,6,9,51,1,0,33,1,11,13,7,8,0,1,28,3,2,3,3,2,1,1,10,0,11,0,0,2,3,0,3,26,15,2,15,2,8,0,18,3,6,1,31,4,6,2,28,3,3,4,3,77,1,48,10,12,7,1
"5_002. Avicii - Wake Me Up (Official Video)_noise_-5dB_sample2.wav",183,6,44,4,0,3,13,1,2,1,4,3,3,0,16,4,10,147,76,73,2,50,45,3,52,3,0,0,4,4,8,14,25,4,8,3,0,0,0,1,0,2,1,1,2,0,87,0,0,3,0,13,10,5,0,0,0,20,0,2,0,5,2,2,1,1,0,11,0,0,2,0,0,0,63,15,1,17,1,4,0,18,0,10,1,32,7,16,1,1,0,1,2,4,51,2,54,6,10,1,3
"19_054. Owl City - When Can I See You Again (From Wreck it Ralph)_noise_-5dB_sample1.wav",185,6,44,2,0,2,12,1,1,2,1,3,1,0,8,0,11,170,88,70,0,41,44,17,53,2,9,0,2,23,10,12,34,10,4,10,0,0,25,0,10,0,1,3,6,1,78,0,5,1,0,11,11,8,0,0,1,37,0,6,0,31,1,31,0,1,4,12,5,0,503,0,2,6,52,17,0,11,3,7,0,16,0,51,1,25,5,1,4,2,0,4,2,5,58,1,54,7,10,0,3
"3_100. Owl City & Carly Rae Jepsen - Good Time (Official Video)_noise_-5dB_sample1.wav",195,88,52,26,9,4,19,2,0,1,18,4,5,1,55,6,13,179,119,72,0,66,46,4,66,4,2,1,3,2,11,11,28,10,9,6,9,0,1,0,1,2,593,1,2,3,94,84,2,15,6,105,13,8,20,1,5,127,15,21,5,5,1,3,3,70,0,20,0,1,0,1,2,6,52,15,1,15,2,8,0,15,0,2,6,28,2,6,2,4,0,15,0,4,113,1,55,8,12,52,12
"49_050. Carly Rae Jepsen - I Really Like You_noise_-5dB_sample2.wav",183,5,30,4,1,4,6,13,0,2,0,2,1,1,0,0,11,147,52,60,0,41,32,6,37,4,4,1,2,0,8,11,20,7,5,4,3,1,1,1,0,1,3,1,0,2,63,21,1,15,2,11,10,6,4,1,8,22,1,2,3,4,3,1,1,42,1,7,0,0,4,0,2,5,34,16,0,8,3,22,1,23,3,6,56,34,1,1,2,2,3,1,0,3,52,1,32,4,8,2,3
"50_006. Wiz Khalifa - See You Again ft. Charlie Puth [Official Video] Furious 7 Soundtrack_noise_-5dB_sample1.wav",182,43,48,33,1,2,12,3,1,1,15,1,5,23,70,3,11,154,102,74,5,51,45,5,65,2,9,0,1,0,13,11,31,102,5,4,6,0,8,5,0,3,4,1,1,9,84,1,0,7,5,11,11,2,475,0,5,30,6,2,3,4,1,4,0,11,1,11,0,0,2,0,0,6,48,20,0,12,2,6,0,15,0,5,6,32,0,3,2,58,3,3,6,4,61,5,50,4,14,1,9
"101_070. Eminence - Knock Me Out (feat. Anna Cyzon) [Monstercat Official Music Video]_noise_-5dB_sample1.wav",183,3,47,7,3,4,16,0,5,1,0,3,34,0,33,3,13,173,140,78,0,66,44,5,78,5,3,0,4,32,13,11,1179,5,2,10,67,1,4,1,1,1,1,0,2,2,108,1,16,2,1,11,11,3,1,0,0,26,1,4,1,18,1,23,267,3,0,11,0,9,2,0,5,10,60,23,0,13,3,48,0,20,5,63,1,34,6,5,3,1,2,4,4,3,77,1,63,4,20,2,13
"85_011. Martin Garrix - Animals (Official Video)_noise_-5dB_sample2.wav",185,26,48,6,3,1,12,1,1,2,2,4,0,390,1,3,12,170,114,77,2,66,44,7,66,3,1,0,1,1,11,11,24,14,5,10,0,1,1,0,0,2,3,2,2,9,103,32,0,55,1,11,11,16,2,0,3,52,0,4,1,2,1,4,1,20,1,12,0,0,1,0,1,11,44,33,2,13,6,17,2,23,0,4,1,29,4,1,1,1,6,2,4,11,81,1,49,8,3,5,1
"62_061. LEFT SCREEN ONLY Spot the Differences_noise_-5dB_sample1.wav",181,2,56,33,4,5,23,3,1,1,2,3,1,2,2,2,11,161,94,66,5,60,44,13,54,3,1,1,4,3,11,11,23,10,7,7,3,1,1,4,2,2,1,5,1,0,67,4,0,2,3,11,15,8,2,1,1,23,1,4,0,4,4,6,2,1,1,11,1,6,2,2,1,6,40,27,1,14,3,13,523,13,2,10,1,31,3,2,2,1,2,2,18,4,77,1,39,4,15,1,6
"71_083. My Singing Monsters - Plant Island Theme_noise_-5dB_sample2.wav",185,3,48,155,0,4,12,8,1,4,2,5,3,1,2,2,11,173,144,77,164,66,2109,5,72,4,0,0,3,1,11,11,26,33,4,8,3,0,9,0,1,2,0,0,2,0,98,1,0,29,4,11,11,3,1,0,1,28,0,6,0,4,4,2,6,6,1,12,0,1,2,2,1,3,63,18,0,15,4,8,9,15,2,82,1,25,7,4,1,2,0,6,21,11,77,0,57,3,10,0,1
"68_055. Madness - Our House (Official 4K Video)_noise_-5dB_sample1.wav",184,3,48,15,0,3,15,0,1,1,0,2,3,2,1,3,12,173,135,77,1,66,48,2,77,2,0,0,2,3,11,11,28,2,6,2,1,0,0,1,1,2,0,0,2,1,114,0,0,0,0,11,11,3,0,0,2,24,1,2,0,6,2,0,1,4,0,13,0,2,2,0,1,1,58,15,0,15,0,4,0,19,80,4,1,28,4,2,2,1,0,2,2,2,77,1,52,4,8,0,2
"89_091. Faster Car - Anders Lystell feat. Kaliber [EPIDEMIC SOUND] (Lyrics)_noise_-5dB_sample2.wav",183,27,48,6,0,6,14,2,2,2,0,0,1,0,2,0,12,168,135,79,0,65,46,6,74,5,0,0,2,0,12,11,28,2,2,4,0,0,7,0,0,2,0,1,1,1,117,6,1,0,0,11,33,3,3,0,1,25,0,2,1,2,2,2,0,0,0,12,0,2,0,0,0,3,56,17,2,15,1,4,0,18,0,0,1,37,2,4,3,3,0,0,2,2,81,1,52,12,10,1,4
"52_007. Katy Perry - Dark Horse ft. Juicy J_noise_-5dB_sample1.wav",181,8,48,4,2,6,11,1,2,4,2,6,1,13,1,1,11,149,124,76,0,55,54,6,66,6,1,0,1,3,11,11,36,2,9,2,1,0,4,1,0,2,1,2,2,1,114,48,0,20,1,11,11,9,4,0,2,22,1,6,3,4,4,2,0,28,0,13,1,2,2,2,2,0,60,15,2,15,1,4,2,18,0,1,1,31,4,1,2,3,2,4,5,3,75,2,49,4,6,130,0
"97_075. Lindsey Stirling - Prism (Official Video)_noise_-5dB_sample2.wav",182,3,56,16,0,3,12,281,2,2,1,1,24,2,1,1,14,150,121,77,3,58,58,8,66,8,3,3,3,3,11,14,35,2,3,6,4,0,1,10,1,2,0,1,12,0,101,0,17,25,0,11,13,2,1,0,1,31,0,3,0,13,1,2,0,87,3,11,1,11,0,3,0,3,53,21,2,14,2,12,2,19,3,11,5,31,13,1,1,1,0,2,1,5,77,2,51,4,14,1,2
