"16_038. P!nk - Just Give Me A Reason ft. Nate Ruess_noise_-12.5dB_sample1.wav",205,1,52,14,3,3,11,6,2,1,0,2,8,2,15,9,11,166,81,66,0,48,48,7,50,4,0,1,4,3,12,11,29,20,8,5,1,0,2,2,1,5,1,2,4,13,84,0,0,22,1,11,13,7,5,0,1,25,4,6,0,4,1,4,2,2,2,11,0,2,2,1,0,123,46,21,2,21,2,11,0,21,4,1,2,29,8,3,3,2,1,2,2,6,65,1,46,11,9,1,2
"10_012. Calvin Harris - I Need Your Love (Official Video) ft. Ellie Goulding_noise_-12.5dB_sample1.wav",200,2,48,4,0,2,13,1,1,3,5,4,3,0,8,1,12,151,135,77,3,66,44,5,75,2,1,1,3,2,11,11,29,23,4,5,5,1,2,1,1,1,16,0,3,325,109,7,0,4,8,11,11,3,2,3,1,25,5,1,2,1,2,2,1,4,1,12,0,2,4,1,0,6,57,21,1,14,1,11,0,15,2,50,7,28,4,1,0,2,0,4,2,2,77,1,50,10,14,1,0
"59_014. Avicii - Hey Brother (Lyric)_noise_-12.5dB_sample1.wav",180,3,48,2,0,4,12,0,1,2,0,2,8,6,13,8,12,173,141,77,3,66,48,2,182,4,0,0,3,1,13,11,32,24,222,2,33,1,3,2,1,2,1,1,2,20,96,0,0,46,2,11,11,2,1,0,0,28,3,2,2,4,15,2,3,1,0,13,0,2,2,5,3,6,56,13,2,18,2,8,0,13,1,10,3,28,2,3,1,3,2,2,2,3,77,2,56,2,2,0,2
"50_006. Wiz Khalifa - See You Again ft. Charlie Puth [Official Video] Furious 7 Soundtrack_noise_-12.5dB_sample2.wav",181,18,44,16,8,2,11,6,9,2,1,1,6,9,140,19,12,153,120,75,3,45,44,5,76,5,25,0,2,2,11,11,27,104,15,4,2,0,6,7,4,2,4,1,3,17,96,0,0,16,5,11,11,3,677,0,1,25,2,5,2,4,2,1,12,24,6,12,3,0,2,44,3,5,52,19,2,12,1,21,0,13,5,34,7,28,4,1,2,2,4,4,6,2,67,1,52,6,8,2,5
"24_047. Girls Talk Boys (from the Ghostbusters Original Motion Picture Soundtrack)_noise_-12.5dB_sample1.wav",183,2,44,14,1,2,4,0,0,1,0,1,2,0,1,0,11,143,25,66,2,55,22,8,23,5,30,1,5,1,0,11,18,6,7,8,0,0,0,1,8,2,2,4,4,0,239,0,0,0,2,11,11,110,0,0,0,13,0,8,0,2,0,4,10,0,1,5,6,0,4,149,0,4,30,11,1,15,5,20,0,12,0,46,2,34,2,2,0,2,0,309,1,4,28,2,32,4,8,1,2
"74_029. David Guetta - Hey Mama (Official Video) ft Nicki Minaj, Bebe Rexha & Afrojack_noise_-12.5dB_sample2.wav",184,6,56,2,1,4,10,2,5,3,4,2,1,6,11,2,14,152,101,68,4,41,50,4,46,4,23,2,0,4,8,11,23,4,4,5,2,2,2,3,1,2,1,2,5,3,70,6,0,2,2,11,11,4,1,2,7,28,1,7,1,4,2,2,1,3,12,11,4,4,6,8,3,5,60,19,2,17,3,12,6,17,2,4,6,31,4,3,1,2,7,2,65,2,61,2,52,24,11,2,4
"80_077. Emeli Sandé - Hurts_noise_-12.5dB_sample2.wav",185,2,44,56,16,50,7,27,1,0,1,1,3,0,26,3,11,144,55,66,0,44,27,6,30,12,1,13,10,5,4,20,20,94,6,7,22,0,0,6,3,1,0,1,675,0,84,3,2,1,2,11,11,95,42,1,0,35,0,4,0,4,2,14,3,6,2,7,9,3,3,34,1,3,40,14,1,13,12,14,1,15,1,24,0,28,12,24,1,2,3,3,1,5,48,0,36,6,13,4,3
"82_A Lady_noise_-12.5dB_sample1.wav",189,3,44,13,1,5,8,3,2,14,1,0,2,13,85,8,13,153,84,66,0,53,34,11,48,3,25,1,4,6,26,11,23,6,5,12,3,0,3187,4,3,4,2,4,7,1,80,1,1,5,2,11,17,220,4,0,0,31,0,2,1,8,4,4,15,6,25,11,22,4,7,120,7,6,56,25,9,12,2,23,4,22,1,50,2,49,7,17,34,2,1,4,3,5,55,0,48,4,22,3,8
"57_Numb_noise_-12.5dB_sample2.wav",189,3,44,2,2,4,14,0,1,1,4,2,4,0,1,1,11,173,101,72,6,54,44,4,59,6,1,0,2,1,11,11,28,3,7,2,1,1,0,1,2,2,1,2,2,0,100,3,0,2,0,11,11,4,0,0,1,22,0,5,1,4,4,2,1,1,1,11,3,2,2,2,1,0,57,14,2,13,2,3,1,16,0,6,2,28,314,3,2,2,2,2,3,2,65,1,54,6,8,1,2
"25_035. Alan Walker - Sing Me To Sleep_noise_-12.5dB_sample1.wav",188,1,44,7,0,2,11,1,2,1,4,4,2,2,46,8,11,173,132,66,0,66,53,2,58,2,12,1,3,5,15,13,24,10,18,6,1,0,0,12,4,3,0,3,1,3,84,0,5,0,0,11,15,4,1,0,1,37,0,6,0,4,3,0,4,3,9,11,3,11,5,31,1,3,54,24,4,43,3,6,0,15,2,12,0,25,8,2,2,1,0,9,8,6,69,1,50,452,2,2,2
"100_059. Nilla Wafer Top Hat Time  Song - Rhett & Link_noise_-12.5dB_sample2.wav",184,6,54,13,1,6,25,5,12,2,0,3,1,1,1,2,15,155,143,78,2,60,58,6,73,3,1,2,1,4,13,11,32,4,18,4,5,5,3,0,5,3,1,3,2,2,113,0,0,10,2,11,11,5,3,0,2,30,2,12,3,4,2,6,1,4,1,11,5,5,8,1,3,6,60,23,2,16,3,24,3,17,1,13,9,34,8,3,247,8,6,5,8,3,86,1,58,5,16,1,8
"105_101. Yann Tiersen - Comptine d`un autre ete - l`apres-midi_noise_-12.5dB_sample1.wav",188,1,48,125,14,35,11,16,0,2,0,2,0,4,101,20,13,156,107,77,1,51,44,6,72,42,9,6,2,12,38,26,41,134,43,128,46,0,4,6,5,3,0,3,31,0,108,1,4,37,3,11,11,135,41,0,3,26,0,0,2,13,5,18,6,40,6,12,14,43,10,4509,9,17,64,23,0,14,3,8,8,23,4,92,0,28,8,35,7,3,1,11,71,9,81,1,64,18,8,0,23
"58_039. OMFG - Hello_noise_-12.5dB_sample1.wav",186,3,52,4,1,3,12,0,1,3,3,1,2,3,1,3,11,156,125,77,1,63,56,5,91,4,4,0,2,0,11,11,24,3,20,6,1,1,0,1,1,1,5,1,4,1,96,2,0,3,1,11,11,4,0,2,1,29,1,6,2,3,3,0,0,3,1,11,1,0,2,0,1,6,68,24,1,15,4,17,1,15,0,12,2,25,0,0,2,3,3,3,4,125,75,2,52,8,15,0,2
"30_Cannibal_noise_-12.5dB_sample1.wav",201,140,48,540,44,8,46,111,25,1,0,2,24,15,11,9,12,161,99,106,4,50,948,65,2149,33,25,3,3,1,11,15,33,156,1821,43,19,5,46,18,48,21,15,6,9,6,527,6,40,808,109,11,20,2,36,3,3,41,11,31,2,311,4,2,7,1103,8,53,6,32,41,99,8,44,78,19,2,50,8,12,20,14,11,14878,44,147,30,296,6,2,6,25,11,13,71,4,44,3,11,8,15
"88_033. Fifth Harmony - Worth It (Official Video) ft. Kid Ink_noise_-12.5dB_sample2.wav",192,1,48,4,5,3,11,0,2,0,203,2,32,2,37,10,11,163,96,71,3,39,44,4,54,4,1,0,1,0,11,11,31,87,29,9,6,0,0,0,0,1,0,2,1,99,72,0,0,55,1,11,11,3,8,0,0,25,4,0,0,2,2,2,1,0,1,13,0,0,2,6,0,6,52,19,1,11,3,3,0,28,3,2,10,28,2,0,1,2,2,2,1,2,55,1,48,13,14,0,1
"22_094. Harry Potter Puppet Pals - The Mysterious Ticking Noise (Video With Lyrics)_noise_-12.5dB_sample1.wav",193,3,48,118,1,6,11,4,4,2,0,2,5,2,55,2,12,148,134,77,0,60,46,4,69,13,0,1,2,0,13,11,31,32,2,15,11,1,4,2,8,5,1,1,2,0,111,0,1,7,2,11,11,36,2,0,1,25,1,2,4,7,4,4,117,12,6,14,0,42,36,22,2,1,50,15,2,22,1,8,0,516,1,191,1,37,40,1,6,2,0,2,5,3,77,0,52,4,6,1,5
"5_002. Avicii - Wake Me Up (Official Video)_noise_-12.5dB_sample1.wav",200,3,103,3,1,5,23,0,1,1,2,2,1,0,2,3,14,173,132,74,4,66,49,6,88,4,1,0,5,0,11,11,30,20,10,12,3,0,0,2,1,1,1,1,1,0,120,0,0,0,0,11,21,5,0,2,2,51,0,10,0,2,2,4,3,1,0,12,0,0,2,1,3,13,60,27,0,15,4,15,1,20,2,6,1,37,4,5,4,3,0,2,2,9,77,1,58,8,24,2,6
"73_Turn the Lights Off_noise_-12.5dB_sample1.wav",201,56,44,12,1,4,13,8,2,0,1,1,14,1,49,4,10,144,69,72,0,46,38,5,48,4,1,4,7,1694,10,102,79,29,5,20,7,1,10,2,4,0,2,2,6,0,62,2,0,2,0,42,10,10,0,0,1,20,0,6,1,6,3,80,110,20,36,11,10,5,30,5,3,5,40,18,1,12,2,4,0,14,2,28,0,28,18,79,2,2,0,1,2,5,50,1,49,6,12,3,4
"1_028. Capital Cities - Safe And Sound_noise_-12.5dB_sample1.wav",194,24,60,7,2,7,16,0,1,1,4,5,4,15,18,6,15,171,118,74,0,51,44,7,84,8,3,0,6,0,11,11,36,22,18,10,541,8,0,0,2,2,4,2,1,32,92,2,0,64,6,11,21,8,3,0,2,55,2,10,0,30,4,4,0,5,5,15,2,2,4,3,2,13,60,23,1,17,6,41,1,23,1,2,2,34,0,1,3,75,1,4,0,11,73,0,60,10,22,3,4
"23_048. Pharrell Williams - Happy (Official Music Video)_noise_-12.5dB_sample2.wav",185,4,44,3,0,3,11,0,0,1,2,4,1,5,4,1,11,162,60,72,0,46,34,8,36,3,0,0,1,1,8,11,20,6,4,18,1,0,0,3,0,2,2,0,2,1,56,1,0,1,0,11,11,2,3,0,1,16,2,2,1,1,1,1,4,1,0,15,0,0,1,1,0,10,37,22,0,12,5,13,0,31,0,1,1,31,2,1,0,1,310,0,1,1,45,0,31,8,19,1,9
"70_You and Me_noise_-12.5dB_sample2.wav",193,3,44,16,2,8,13,1,1,2,2,3,2,6,2,4,11,169,129,74,14,53,52,8,66,6,1,8,8,2,11,11,30,3,4,8,1,2,4,2,3,6,1,2,1,3,102,2,0,3,2,11,11,7,1,1,2,22,2,1,2,4,2,6,1,3,4,11,4,3,12,3,2,2,154,21,4,17,3,5,4,19,4,15,3,34,3,6,2,4,2,2,5,3,61,5,55,7,18,2,11
"77_065. Nightcore - Ghostbusters_noise_-12.5dB_sample2.wav",201,1,48,6,1,3,17,0,2,2,2,4,1,1,1,0,12,173,135,76,12,174,48,4,69,5,1,0,4,1,11,11,33,6,5,2,2,0,2,1,2,2,1,4,4,0,111,0,0,4,0,11,11,12,1,0,1,24,0,6,0,5,2,4,3,0,1,11,0,0,4,0,1,3,58,14,0,18,1,8,0,19,0,8,2,34,6,5,2,2,2,4,4,4,85,0,67,7,4,0,4
"90_064. Eurythmics, Annie Lennox, Dave Stewart - Sweet Dreams (Are Made Of This) (Official Video)_noise_-12.5dB_sample1.wav",184,512,52,2,0,4,12,0,3,0,29,1,10,119,1,3,13,151,140,77,3,65,46,3,84,4,152,0,1,0,11,11,26,4,116,10,41,0,0,0,1,2,1,2,1,13,96,0,5,2,0,11,11,4,57,1,8,24,0,0,0,2,2,0,3,36,0,13,1,0,2,0,1,8,52,23,2,24,3,9,0,24,1,0,6,22,2,6,1,648,0,4,4,8,77,0,58,6,20,1,3
"104_024. twenty one pilots Stressed Out [OFFICIAL VIDEO]_noise_-12.5dB_sample2.wav",175,0,52,3,0,1,12,2,0,1,2,1,0,4,1,1,12,171,147,76,6,66,56,2,77,5,2,0,5,37,12,11,45,4,4,3,0,2,4,0,6,6,0,1,2,6,96,0,0,1,0,11,11,15,0,0,1,26,0,6,1,2,1,2,1,1,301,13,1,2,1,2,1,6,55,17,0,14,2,8,1,15,1,7,1,25,13,17,2,1,2,2,6,3,77,1,58,2,8,0,5
"6_043. Wintergatan - Marble Machine (music instrument using 2000 marbles)_noise_-12.5dB_sample1.wav",172,2,56,4,0,3,9,1,1,1,0,5,0,2,55,0,14,155,79,74,0,44,38,6,43,4,0,0,1,0,8,11,29,1,5,10,1,0,0,0,1,2,4,3,4,0,76,0,0,0,0,11,11,8,0,0,0,24,0,4,1,1,2,2,1,1,0,12,0,1,6,14,2,6,44,29,0,13,4,17,0,17,0,3,1,28,4,1,3,2,2,0,0,6,52,0,51,8,24,1,1
"102_018. Shawn Mendes - Stitches (Official Music Video)_noise_-12.5dB_sample2.wav",173,5,44,4,1,2,19,0,1,1,1,191,1,2,1,6,11,173,136,79,0,66,46,1,69,2,0,2,2,3,11,11,30,4,4,1,0,1,2,0,1,2,1,1,1,1,98,1,1,0,0,11,11,2,1,1,2,22,0,1,0,2,2,4,2,1,0,11,1,2,1,1,0,3,54,11,1,18,0,2,2,14,1,1,1,34,2,0,1,0,1,2,3,2,85,2,54,4,4,2,10
"20_Never Meant to Know_noise_-12.5dB_sample1.wav",172,12,63,4,20,8,10,11,23,6,11,7,19,11,8,9,14,178,124,67,6,66,52,17,63,5,11,11,5,1,11,11,27,7,11,8,10,9,27,11,12,1,15,10,5,8,98,8,0,15,16,13,12,396,11,7,23,28,8,19,9,8,7,8,2,12,7,11,8,8,9,4,10,4,56,19,9,15,12,16,4,14,7,5,13,30,5,10,5,9,11,5,9,7,69,8,53,17,10,11,16
"5_002. Avicii - Wake Me Up (Official Video)_noise_-12.5dB_sample2.wav",178,5,89,2,2,6,8,3,3,2,3,7,4,4,3,2,11,163,79,69,3,42,38,7,44,5,4,2,2,4,9,11,22,3,10,9,4,2,2,2,5,0,4,1,4,2,68,2,0,3,4,11,11,2,1,6,4,21,3,5,3,2,3,1,1,2,2,11,2,5,2,8,1,6,43,23,2,11,2,4,6,19,10,8,3,31,1,2,5,5,2,4,1,3,55,4,44,10,22,4,3
"11_062. Pipe Guy - HouseTranceTechno Live_noise_-12.5dB_sample2.wav",191,23,44,5,0,4,19,1,3,2,12,3,3,36,16,9,12,177,132,79,3,66,50,3,72,6,12,2,2,5,14,11,34,12,4,13,3,2,1,2,21,2,1,2,14,2,107,2,8,5,44,11,11,15,8,0,0,25,0,2,2,18,6,2,11,2,11,11,2,5,4,10,1,0,68,17,2,19,2,5,1,19,1,7,16,28,8,3,2,205,2,4,5,4,77,4,62,4,14,1,3
"98_021. Alan Walker - Faded_noise_-12.5dB_sample2.wav",191,20,44,2,0,6,14,8,2,1,0,4,2,1,7,9,12,147,85,75,6,61,40,6,50,2,0,0,2,1,9,11,24,3,3,3,0,0,22,0,0,2,3,1,5,2,63,52,0,1,3,505,11,5,2,0,4,22,5,1,6,2,0,4,2,0,0,11,0,0,0,2,2,2,50,15,0,11,1,12,0,15,7,1,6,28,4,10,1,0,3,0,0,4,57,4,59,4,6,2,3
"51_088. Steven Universe - We Are The Crystal Gems_noise_-12.5dB_sample2.wav",194,6,41,2,0,2,11,0,0,1,2,3,2,0,18,3,13,173,107,74,0,60,46,3,65,2,2,0,2,0,10,11,30,3,12,4,1,0,4,2,2,2,1,0,1,2,112,2,0,4,0,11,11,8,6,0,1,21,3,2,3,4,2,1,2,12,2,12,1,1,5,12,387,6,51,15,4,16,2,9,0,17,0,5,1,28,4,1,2,1,0,2,9,3,70,2,56,6,6,1,5
"2_023. Rachel Platten - Fight Song (Official Video)_noise_-12.5dB_sample1.wav",184,3,44,7,2,4,14,5,1,3,1,2,2,4,20,251,11,161,110,77,9,66,40,6,38,5,3,2,3,1,10,11,23,8,3,9,2,1,2,2,3,2,1,2,5,1,57,3,0,1,4,11,11,7,3,0,1,23,10,10,0,4,4,1,0,4,1,11,1,1,4,11,4,6,32,19,0,13,3,14,1,18,2,2,4,28,7,8,2,1,2,14,5,3,71,2,42,5,14,1,4
"103_037. Calvin Harris, Rihanna - This Is What You Came For (Official Video) ft. Rihanna_noise_-12.5dB_sample1.wav",188,5,44,7,9,3,13,11,2,1,5,2,22,3,54,11,12,164,124,77,3,64,44,4,68,3,3,3,2,1,12,11,24,6,12,6,8,2,0,5,1,4,0,1,1,2,94,1,2,51,9,11,12,3,1,0,5,26,7,4,2,5,2,4,10,39,2,11,1,1,9,24,2,6,52,17,1,14,2,7,8,17,1,17,1,34,2,19,1,2,0,2,1,5,77,3,52,4,10,1,699
"7_092. Harry Potter Medley on Marimba_noise_-12.5dB_sample2.wav",188,31,48,2224,2,2,6,31,3,3,1,1,8,8,9,3,11,177,88,66,8,66,154,3,45,9,13,0,3,0,7,11,22,6,12,4,4,1,2,30,2,2,0,1,5,9,82,5,3,39,1,11,14,24,2,0,4,20,0,14,1,25,19,8,4,149,10,11,2,12,1,12,1,4,46,12,1,16,5,11,43,11,0,112,3,38,4,5,4,4,2,5,1,4,61,5,42,8,6,4,4
"11_062. Pipe Guy - HouseTranceTechno Live_noise_-12.5dB_sample1.wav",182,74,44,198,2,2,13,36,2,2,1,4,9,4,6,9,12,172,115,74,3,52,191,3,67,15,149,1,2,2,72,11,36,9,6,9,5,3,70,6,11,4,2,4,3,2,107,50,11,119,40,11,13,895,6,3,2,23,2,6,6,47,7,4,8,228,46,11,6,32,4,374,2,9,60,17,0,15,1,11,4,17,1,747,9,42,12,6,4,39,4,28,12,2,71,2,59,6,6,0,5
"95_053. Avicii - Hey Brother_noise_-12.5dB_sample2.wav",188,10,51,6,66,4,46,3,70,2,2,2,6,113,16,3,12,173,135,77,6,66,54,143,11873,8,44,0,2,0,13,11,32,256,7684,3,4,6,122,1,105,2,22,2,1,6,636,2,2,844,392,11,11,3,24,6,5,24,3,48,6,4,4,1,1,2,4,11,1,43,61,35,41,66,75,15,0,66,2,5,7,15,1,1650,21,47,4,374,15,0,51,42,2,22,77,1,58,4,8,23,3
"60_057. Get Off The Phone Song_noise_-12.5dB_sample2.wav",189,2,44,1,1,5,3,1,2,1,1,2,2,2,1,0,11,173,88,69,6,40,46,5,48,3,2,2,2,0,11,11,24,2,10,9,1,2,2,1,3,3,1,51,1,1,77,2,0,5,1,11,11,8,1,1,0,22,0,6,1,2,3,0,1,4,1,11,2,1,1,1,2,4,60,25,1,6,2,15,2,21,2,4,0,31,2,1,1,1,1,2,1,2,55,2,56,6,24,1,0
"92_025. Fall Out Boy - Immortals (From Big Hero 6)_noise_-12.5dB_sample1.wav",185,3,44,4,1,4,14,2,0,2,2,3,2,1,1,1,11,173,111,73,2,64,48,3,71,8,1,104,3,1,10,11,38,3,6,7,1,0,4,2,1,4,2,0,5,2,98,0,0,4,1,11,11,7,0,0,1,23,0,4,1,4,2,4,12,0,0,10,1,0,2,7,1,6,53,13,2,14,2,3,1,19,1,3,1,34,9,3,2,1,2,2,2,3,69,2,53,6,10,1,1
"99_080. Melanie Martinez - Carousel (Official Music Video)_noise_-12.5dB_sample1.wav",180,4,44,3,1,5,18,2,4,2,1,2,1,14,2,12,11,143,94,66,5,42,42,6,92,5,2,4,7,9,10,11,36,8,113,8,2,14,9,49,8,4,11,1,193,4,74,2,0,4,2,11,11,6,2,15,3,24,1,4,22,2,1,4,1,32,1,3749,2,3,3,1,2,5,36,19,11,15,9,6,5,21,3,5,1,40,2,9,3,12,18,8,0,2,54,2,46,5,16,43,4
"3_100. Owl City & Carly Rae Jepsen - Good Time (Official Video)_noise_-12.5dB_sample1.wav",179,9,45,6,0,6,14,0,2,2,4,4,1,2,5,2,11,173,115,73,3,39,56,7,61,6,0,2,3,1,11,11,29,5,18,8,2,2,3,2,2,4,329,4,3,2,84,20,1,5,0,11,11,4,15,3,2,22,2,4,4,3,2,4,4,10,0,11,2,2,4,0,5,2,60,21,1,15,2,4,1,21,1,4,18,38,6,2,3,2,4,2,2,4,57,2,62,4,18,3,4
"55_009. Taylor Swift - Shake It Off_noise_-12.5dB_sample2.wav",182,1,44,5,1,6,11,55,1,1,1,5,5,1,289,5,11,173,99,68,0,39,44,8,56,33,2,2,2,0,11,11,26,2,10,28,2,0,13,486,1,2,2,1,4,1,90,3,1,23,2,11,11,4,16,0,1,22,4,10,1,4,4,2,7,22,2,11,1,2,2,17,1,6,56,29,2,13,2,4,0,23,1,2,2,34,13,8,6,2,0,2,2,5,58,1,54,5,30,0,3
"16_038. P!nk - Just Give Me A Reason ft. Nate Ruess_noise_-12.5dB_sample2.wav",193,1,44,2,0,3,10,2,1,1,2,2,2,1,8,1,11,173,99,66,6,46,57,3,50,3,3,0,4,2,10,11,24,9,22,5,0,0,1,4,2,4,1,4,1,1,90,0,0,15,1,11,15,5,0,0,1,31,3,4,2,8,4,1,1,1,0,11,0,1,1,4,0,174,64,17,0,14,3,11,2,15,0,6,2,37,26,1,3,1,2,2,3,6,55,3,60,7,8,2,4
"51_088. Steven Universe - We Are The Crystal Gems_noise_-12.5dB_sample1.wav",179,1,44,4,3,4,8,66,0,1,0,2,1,1,10,1,12,146,62,66,0,49,22,4,31,52,0,3,3,0,1,11,48,10,8,7,1,0,15,17,0,2,1,1,5,1,213,1,0,9,0,11,8,2,0,0,0,12,0,3,2,2,2,7,4,0,0,3,0,1,2,2,159,4,36,19,3,6,3,16,0,7,1,0,0,34,1,1,1,1,0,2,2,6,38,1,23,3,9,0,3
"13_030. Maroon 5 - Animals_noise_-12.5dB_sample2.wav",188,0,46,4,0,3,9,0,3,2,1,3,0,0,1,0,16,151,98,75,4,44,42,3,47,4,1,2,4,12,10,11,29,5,6,8,0,1,4,0,54,1,0,2,8,1,83,0,0,1,0,11,11,16,0,0,1,24,0,5,0,4,2,1,0,1,0,11,3,3,1,0,1,6,56,18,5,12,3,14,1,19,0,5,5,25,3,3,2,1,2,2,1,1,56,1,57,6,20,0,1
"63_087. Anaconda - Nicki Minaj  The Fitness Marshall  Dance Workout_noise_-12.5dB_sample2.wav",184,2,52,17,1,4,19,1,0,0,1,1,2,1,2,1,13,167,100,75,2,64,44,3,44,3,0,0,2,0,11,11,23,6,4,6,0,0,0,0,0,2,0,2,7,0,70,0,0,0,0,11,11,13,0,0,1,26,0,3,1,3,2,2,0,0,0,11,1,0,4,2,0,3,45,17,2,15,132,14,0,13,0,6,0,31,1,5,1,2,3,1,2,3,65,1,46,4,11,1,6
"87_079. twenty one pilots Heathens (from Suicide Squad The Album) [OFFICIAL VIDEO]_noise_-12.5dB_sample2.wav",225,2,44,5,0,1,11,6,4,2,0,4,5,0,3,3,12,173,135,77,3,59,45,10,71,4,2,3,2,1,13,11,29,2,3,8,1,0,10,0,3,1,0,2,2,1,90,2,1,2,1,11,11,30,1,2,1,24,0,2,0,2,1,3,2,12,3,11,3,3,5,8,2,3,60,358,0,15,0,10,2,17,0,24,1,28,8,3,4,1,2,2,2,3,77,1,48,2,8,1,2
"45_005. OneRepublic - Counting Stars_noise_-12.5dB_sample1.wav",244,9,48,4,0,4,19,2,2,2,0,2,3,4,11,3,12,173,133,77,3,53,49,5,66,3,0,0,1,8,34,11,35,6,3,9,1,0,4,0,0,4,1,1,2,2,110,4,1,0,1,11,13,24,0,0,1,28,0,2,1,3,1,6,3,1,1,11,369,1,5,0,1,9,48,20,7,15,2,8,0,26,0,0,0,29,4,6,2,2,0,0,6,3,77,0,52,7,15,1,3
"39_051. Galantis - No Money (Official Video)_noise_-12.5dB_sample2.wav",184,3,48,4,0,5,13,1,2,1,0,2,0,2,1,9,16,157,146,77,5,66,62,7,68,2,0,0,4,0,11,11,31,2,4,8,1,3,6,4,1,2,0,0,2,0,101,0,0,2,0,11,11,12,1,0,0,26,0,1,0,0,2,141,2,11,1,13,0,2,2,0,0,5,62,25,1,14,2,13,0,24,1,4,0,28,0,6,2,2,0,0,1,2,82,0,50,14,22,3,2
"93_015. Lukas Graham - 7 Years [Official Music Video]_noise_-12.5dB_sample2.wav",169,1,42,14,3,3,7,3,1,1,0,2,7,6,18,9,8,143,58,58,4,46,36,4,36,2,11,1,3,0,6,11,15,7,10,10,4,2,0,0,3,4,10,11,2,9,42,5,0,37,505,11,10,2,1,1,1,22,2,4,4,2,1,1,9,1,2,7,2,1,2,2,2,10,26,10,1,12,2,7,3,13,2,4,2,28,1,2,1,4,2,2,5,4,35,4,38,4,8,3,1
"0_096. Nightcore - Mad World_noise_-12.5dB_sample2.wav",173,2,44,5,3,4,7,0,3,1,0,3,2,2,2,0,11,149,76,69,1465,69,44,3,69,2,0,3,6,0,11,11,26,5,2,5,0,0,2,0,0,1,0,0,2,3,71,0,0,11,1,11,10,2,1,1,2,27,0,2,1,2,1,0,10,9,0,11,3,0,2,0,0,4,40,13,0,8,4,10,96,15,4,0,2,22,1,1,4,1,0,1,1,2,55,1,42,2,6,1,8
"40_052. Lindsey Stirling - Moon Trance (Official Music Video)_noise_-12.5dB_sample2.wav",178,3,48,382,3,2,14,14,14,3,2,2,2,3,28,5,12,173,135,565,3,66,54,8,71,4,1,0,3,40,13,34,34,24,6,2,8,0,12,3,12,3,1,3,3,0,108,5,1,3,0,11,13,93,2,0,2,25,0,4,0,9,1,72,164,2,1,13,0,117,24,17,2,15,63,15,0,15,0,4,0,17,2,208,3,25,277,24,1,3,0,2,6,2,77,2,62,4,6,1,8
"3_100. Owl City & Carly Rae Jepsen - Good Time (Official Video)_noise_-12.5dB_sample2.wav",170,8,42,6,44,3,26,0,22,2,1,4,1,2,3,2,12,173,56,64,1,47,42,58,631,3,12,1,0,1,10,11,15,20,691,6,0,2,54,1,39,2,82,0,3,1,120,4,1,276,12,11,11,1,9,2,2,14,0,32,2,1,3,8,0,1,0,4,1,2,17,5,1,44,30,23,0,21,4,6,2,11,2,241,3,28,0,153,1,1,1,10,2,2,46,1,34,8,4,7,6
"81_013. Passenger  Let Her Go (Official Video)_noise_-12.5dB_sample2.wav",170,3,44,7,0,3,20,1,6,3,2,2,2,0,2,1,10,119,125,74,6,63,42,4,66,4,0,0,4,5,11,11,42,8,4,5,4,0,0,2,1,0,1,1,2,0,91,0,0,1,0,11,11,6,1,1,1,37,0,2,5,2,82,4,2,18,0,12,1,2,2,12,0,4,46,14,1,16,4,11,1,15,1,3,0,31,3,11,2,2,2,2,3,5,65,2,52,2,4,2,5
"93_015. Lukas Graham - 7 Years [Official Music Video]_noise_-12.5dB_sample1.wav",168,1,60,12,2,6,23,0,1,0,0,2,6,7,3,2,12,170,157,77,2,66,44,6,71,2,11,1,5,5,12,11,42,12,11,6,4,2,0,3,1,3,10,6,1,2,94,2,0,26,256,11,13,1,2,4,1,40,1,4,1,2,1,4,3,2,2,15,2,0,8,2,2,1,54,13,0,15,5,21,0,17,1,0,2,35,2,3,3,2,4,2,2,7,77,4,54,4,2,0,10
"76_073. Lindsey Stirling - Crystallize (Dubstep Violin Original Song)_noise_-12.5dB_sample2.wav",219,42,44,176,2,6,13,80,2,2,0,2,8,53,10,0,12,159,132,77,3,55,173,6,71,16,15,2,1,5,11,11,35,9,4,35,11,12,2,16,1,8,3,1,3,2,99,15,11,313,5,11,11,4,11,0,5,27,2,4,3,52,2,3,1,1864,5,12,0,0,2,21,16,0,58,23,2,41,5,7,13,17,0,614,10,33,4,5,3,21,1,4,1,3,77,0,59,9,12,3,11
"9_034. Pitbull - Timber (Official Video) ft. Ke$ha_noise_-12.5dB_sample2.wav",185,0,48,2,0,4,11,0,0,0,4,1,1,2,0,1,11,164,129,78,6,58,62,4,68,3,0,0,2,2,79,11,29,3,8,3,0,0,0,0,1,2,12,1,2,0,93,0,0,0,0,11,11,9,2,0,1,22,0,3,17,4,2,2,1,9,0,11,1,2,0,8,1,3,64,17,0,17,1,3,0,15,0,12,1,25,4,0,1,2,0,0,2,2,73,3,54,34,8,0,0
"103_037. Calvin Harris, Rihanna - This Is What You Came For (Official Video) ft. Rihanna_noise_-12.5dB_sample2.wav",183,2,17,55,0,7,4,0,2,2,0,8,2,1,18,8,7,143,31,56,0,48,25,4,28,4,0,2,2,5,3,11,13,6,2,9,1,1,3,4,0,1,0,0,2,2,51,0,0,7,1,11,6,4,4,0,6,10,1,2,2,2,2,0,2,14,0,4,0,0,3,3,9,7,26,10,0,9,2,10,0,11,0,20,3,28,4,2,3,2,2,2,1,4,35,2,24,4,4,1,381
"80_077. Emeli Sandé - Hurts_noise_-12.5dB_sample1.wav",183,3,48,4,0,4,15,5,1,1,2,2,2,2,1,0,11,143,80,75,0,57,40,10,53,5,0,0,2,6,9,11,30,92,4,6,0,2,0,0,0,2,1,3,248,0,87,0,1,1,0,11,11,8,1,0,0,24,0,6,0,4,2,3,0,0,2,12,0,10,12,16,1,5,40,21,1,27,4,20,0,12,0,5,1,31,2,3,2,3,0,2,2,3,67,1,49,5,15,1,5
"37_063. Bastille - Pompeii (Official Music Video)_noise_-12.5dB_sample2.wav",185,1,52,5,1,5,12,0,1,0,0,1,3,2,5,0,12,161,153,77,0,65,54,181,71,4,2,2,3,0,11,11,36,8,5,5,4,0,0,0,0,1,1,2,2,0,106,1,0,2,0,11,13,13,0,0,1,30,0,4,4,2,2,6,2,2,0,13,3,1,1,0,1,3,53,18,0,17,3,14,0,16,0,1,2,31,7,1,3,4,0,8,0,9,73,1,48,4,12,0,2
"41_The Bidding_noise_-12.5dB_sample2.wav",191,2,48,2,1,3,9,1,32,2,1,1,1,3,2,1,10,156,87,73,3,52,42,5,51,2,2,1,2,4,8,11,31,5,3,5,1,0,0,2,2,2,2,1,4,0,75,0,0,1,1,12,10,3,1,0,0,24,0,6,0,2,2,1,0,2,0,10,0,1,2,0,1,1,45,15,0,14,1,11,1,11,1,0,1,25,4,7,3,2,2,1,0,4,53,0,695,6,13,0,2
"8_081. The Beach Boys - I Get Around_noise_-12.5dB_sample2.wav",196,3,48,2,3,4,14,2,2,0,0,3,1,1,0,3,11,161,126,73,6,60,44,4,66,2,1,1,3,0,11,11,42,12,5,6,6,1,0,2,3,304,2,1,6,2,113,2,0,2,1,11,17,3,1,2,2,40,0,8,0,1,1,2,11,1,1,12,2,4,2,0,3,9,56,13,6,12,3,12,1,16,2,5,2,28,5,3,3,3,2,2,0,7,77,2,52,8,4,3,4
"50_006. Wiz Khalifa - See You Again ft. Charlie Puth [Official Video] Furious 7 Soundtrack_noise_-12.5dB_sample1.wav",189,43,48,33,2,1,14,6,1,0,18,1,6,23,0,0,12,170,132,67,1,66,44,3,56,4,9,0,3,0,11,11,26,12,14,6,6,0,0,2,1,2,1,2,2,9,78,3,0,16,8,11,17,2,567,0,5,40,5,6,4,5,0,1,2,20,2,13,1,0,5,4,0,9,50,13,0,12,4,10,5,16,2,6,2,27,4,1,1,81,3,0,2,6,64,5,50,6,1,1,4
"24_047. Girls Talk Boys (from the Ghostbusters Original Motion Picture Soundtrack)_noise_-12.5dB_sample2.wav",202,1,48,4,0,4,11,0,0,1,0,2,2,1,0,2,12,148,129,72,6,50,48,4,68,4,0,0,3,0,12,11,34,4,2,2,0,0,0,0,0,6,1,2,2,0,88,0,0,0,0,12,11,8,0,0,0,24,0,0,0,4,0,3,2,0,0,11,1,4,2,0,0,3,58,19,0,15,0,8,2,15,0,2,1,34,5,1,3,6,0,5,2,1,66,1,58,4,8,0,4
"85_011. Martin Garrix - Animals (Official Video)_noise_-12.5dB_sample1.wav",178,1,44,12,2,2,13,15,2,1,4,4,13,935,9,0,11,161,89,71,6,38,44,3,53,1,1,2,2,3,11,11,52,10,4,4,1,4,2,2,2,2,0,3,24,2,95,0,0,2,1,27,11,17,4,1,1,31,2,3,1,2,2,1,3,8,1,56,2,0,8,4,1,6,57,16,4,10,4,6,0,15,4,4,1,28,6,35,3,6,2,1,4,4,55,1,62,4,8,3,8
"44_Sacred Beast_noise_-12.5dB_sample2.wav",185,6,48,11,3,5,15,9,7,3,1,4,4,5,5,3,12,148,135,75,4,51,44,7,76,3,2,2,4,0,14,11,34,16,3,9,9,3,17,0,2,4,3,3,4,5,93,6,0,2,0,11,11,2,4,3,5,31,0,2,0,4,2,2,2,12,3,13,3,2,6,26,2,3,50,25,3,540,3,19,3,15,17,130,12,28,3,4,3,8,5,5,5,3,73,4,48,7,16,2,3
"66_Cruel_Summer_noise_-12.5dB_sample2.wav",187,10,44,18,1,1,6,38,1,2,0,1,13,0,1,1,11,160,52,66,2,55,28,5,46,6,2,0,2,1,5,17,22,12,3,11,9,3,0,4,0,2,0,1,3,0,150,1,532,6,12,11,13,1,2,1,1,22,0,4,0,6,6,2,2,120,3,11,0,2,2,3,0,4,37,11,0,11,4,16,1,16,3,46,2,25,6,0,2,3,1,1,1,6,53,0,38,3,17,0,2
"68_055. Madness - Our House (Official 4K Video)_noise_-12.5dB_sample2.wav",188,1,46,2,0,4,13,3,7,0,0,2,1,1,0,0,12,170,91,77,0,52,48,4,59,1,3,0,2,2,11,11,30,3,10,12,1,0,1,0,0,0,0,0,1,0,94,3,0,2,1,19,11,3,0,0,2,22,0,2,0,3,1,4,2,0,0,11,2,1,2,2,2,9,62,27,0,13,4,10,2,19,242,0,1,25,2,1,0,1,1,1,0,1,60,1,54,4,21,1,6
"91_Greener_noise_-12.5dB_sample2.wav",184,9,48,3,0,3,13,3,1,3,4,3,1,1,3,1,12,168,135,76,3,66,52,3,68,4,1,1,2,1,15,11,30,2,6,76,1,0,4,3,3,2,1,2,2,0,107,0,0,0,0,11,13,16,1,11,0,25,1,4,2,8,4,0,324,21,0,11,0,6,4,11,1,3,55,17,2,16,1,7,0,15,0,2,2,28,4,0,2,1,0,2,2,10,77,1,53,4,10,1,2
"98_021. Alan Walker - Faded_noise_-12.5dB_sample1.wav",176,9,44,5,0,3,10,3,1,4,0,1,3,0,4,1,12,170,120,74,3,63,44,25,56,5,9,0,6,2,17,11,22,10,6,5,2,1,7,0,3,0,2,3,9,1,80,60,0,2,15,468,13,26,7,0,5,37,2,3,2,3,2,5,1,3,6,11,10,1,0,11,2,3,56,19,0,12,4,6,0,17,0,10,0,34,2,12,4,1,2,1,1,5,61,4,54,2,12,3,2
"79_095. Alan Walker - Alone_noise_-12.5dB_sample2.wav",188,8,44,3,6,4,9,0,1,3,2,2,3,3,60,1,11,143,76,69,3,35,44,4,54,3,0,0,0,1,11,11,22,2,2,6,3,0,3,3,0,2,8,1,3,5,70,16,0,2,3,11,11,1,9,0,5,33,419,7,3,0,2,0,1,5,0,11,0,0,2,43,2,4,42,18,1,8,2,4,0,15,0,0,3,34,0,0,2,1,0,0,1,2,55,0,48,9,12,22,0
"61_045. The Black Eyed Peas - I Gotta Feeling (Official Music Video)_noise_-12.5dB_sample2.wav",176,3,44,12,2,4,13,3,2,1,0,4,2,4,0,10,12,145,88,73,5,36,44,4,50,3,1,1,1,4,13,11,77,65,10,19,0,2,2,12,2,2,2,1,4,0,68,1,4,2,0,11,11,8,0,0,3,24,0,6,0,2,3,1,1,0,1,11,3,2,2,0,2,6,54,19,0,13,2,4,0,21,2,13,3,1039,4,0,2,2,0,1,2,2,55,1,58,16,16,1,2
"96_089. American Boy by Estelle and Kanye West_noise_-12.5dB_sample1.wav",175,3,44,11,1,4,11,3,4,1,0,0,3,1,2,3,11,163,113,74,0,57,44,4,62,4,3,0,2,0,11,12,24,5,5,8,1,0,0,0,2,2,0,0,2,0,84,0,0,1,0,11,11,1,0,0,0,22,0,1,1,2,0,2,7,1,6,12,0,1,0,2,0,6,48,21,0,27,2,6,0,24,1,16,0,24,10,1,2,3,1,2,3,5,71,0,46,10,137,0,1
"13_030. Maroon 5 - Animals_noise_-12.5dB_sample1.wav",175,3,44,44,1,6,13,5,5,0,2,4,2,1,2,3,11,166,96,67,2,58,60,27,58,6,1,1,2,6,10,11,26,2,4,4,2,10,2,1,352,2,1,3,2,1,96,3,0,3,4,11,11,11,2,1,3,22,1,2,3,8,2,2,33,3,1,11,2,11,9,10,5,2,61,19,0,18,1,4,2,18,4,12,4,35,11,2,2,2,2,3,2,3,73,2,53,4,12,1,4
"57_Numb_noise_-12.5dB_sample1.wav",175,15,44,4,2,3,6,0,1,1,3,2,1,0,2,2,11,139,60,66,0,55,29,2,39,4,2,1,1,23,4,15,22,4,9,8,1,0,0,1,0,2,1,1,5,1,82,2,0,2,1,11,11,2,1,2,1,10,1,5,0,8,1,2,7,1,1,5,5,0,15,7,3,8,36,15,0,10,2,3,0,10,1,6,0,31,269,2,3,2,0,0,1,6,36,2,26,10,6,1,4
"19_054. Owl City - When Can I See You Again (From Wreck it Ralph)_noise_-12.5dB_sample2.wav",176,2,52,33,6,6,10,2,0,0,0,4,1,0,7,0,11,156,97,66,0,66,30,8,56,8,8,2,4,3,7,12,23,23,15,7,1,0,12,0,0,5,0,1,3,0,96,0,0,5,5,11,16,10,4,1,1,28,0,6,2,4,0,2,0,0,0,11,0,4,135,7,2,6,57,13,0,14,4,31,2,20,2,7,1,25,8,27,2,2,0,1,2,6,59,0,48,7,2,1,4
"15_060. My OCD (Song)_noise_-12.5dB_sample1.wav",179,3,45,5,5,4,13,8,3,2,1,8,677,8,56,10,11,167,127,77,5,61,46,8,66,24,7,5,2,2,11,11,32,8,41,6,6,2,3,5,6,4,4,5,6,11,113,5,1,4,3,11,11,11,8,4,2,22,1,6,4,6,3,2,3,5,3,11,12,3,6,3,2,32,56,16,2,18,2,5,4,19,4,23,6,25,4,4,5,4,4,5,4,8,77,4,54,11,14,2,5
"86_019. Naughty Boy - La la la ft. Sam Smith (Official Video)_noise_-12.5dB_sample1.wav",175,2,45,5,1,6,10,4,3,2,2,9,3,1,3,1,11,155,86,66,8,54,42,4,48,4,3,5,2,4,9,11,40,2,8,9,13,5,0,4,0,3,2,1,3,4,99,2,0,3,3,11,11,22,1,4,3,22,2,6,4,5,9,4,0,2,3,11,7,2,7,8,2,7,74,19,2,19,3,4,2,21,4,4,2,37,5,83,4,6,5,7,3,2,71,4,54,6,14,2,6
"96_089. American Boy by Estelle and Kanye West_noise_-12.5dB_sample2.wav",174,6,46,4,2,2,15,4,2,2,2,3,2,3,2,6,12,174,139,76,3,66,50,2,79,6,3,2,4,2,11,11,30,4,10,33,1,4,0,3,1,1,2,2,3,2,120,7,0,3,5,11,11,6,0,0,2,22,4,2,2,6,5,1,3,8,4,11,5,1,2,1,2,0,63,13,4,15,1,4,1,21,4,7,1,31,4,6,2,2,4,4,2,7,77,3,56,2,317,4,2
"26_017. David Guetta - Titanium ft. Sia (Official Video)_noise_-12.5dB_sample2.wav",173,27,44,8,6,13,16,1,2,3,4,1,1,1,11,0,11,170,110,77,0,66,38,5,40,7,1,2,2,8,11,11,24,2,6,14,6,3,0,0,0,1,18,1,1,1,66,4,7,2,1,11,11,4,7,2,1,85,2,501,1,2,4,2,0,18,1,12,3,0,2,2,0,2,31,29,0,12,4,7,1,36,0,3,15,22,2,1,5,2,6,2,2,9,118,0,44,12,28,32,5
"43_098. Nightcore~ The Wolf_noise_-12.5dB_sample1.wav",176,3,44,4,5,5,21,1,2,6,0,3,0,1,2,3,11,145,84,66,3,65,44,5,64,3,1,3,1,0,11,11,22,12,6,7,2,1,0,0,1,0,7,1,3,6,67,3,0,2,1,11,11,4,2,20,7,27,0,4,3,3,3,4,1,1,2,11,3,2,2,1,2,6,42,12,0,12,4,7,4,24,2,2,2,26,2,2,3,1,4,5,4,4,73,217,44,6,12,1,6
"71_083. My Singing Monsters - Plant Island Theme_noise_-12.5dB_sample1.wav",176,13,48,159,3,3,12,9,2,1,0,2,2,7,2,2,15,166,89,66,68,66,1003,6,69,5,31,0,2,1,8,12,27,5,6,5,4,4,2,4,2,6,4,8,5,0,90,1,1,4,2,11,13,64,2,1,1,27,0,8,0,7,4,1,42,16,1,11,1,4,7,16,0,3,61,21,0,20,16,23,1,29,1,51,5,34,8,3,2,16,2,2,6,6,69,2,47,9,6,1,7
"64_097. Nightcore - Running With the Wolves [Lyrics]_noise_-12.5dB_sample2.wav",174,2,48,4,0,5,7,1,1,2,0,5,0,0,2,1,12,149,75,67,2,48,34,5,40,4,5,1,4,0,4,11,26,8,5,8,5,0,0,1,0,1,0,3,1,2,70,0,0,1,2,11,13,2,1,0,1,34,2,2,0,0,2,1,4,0,2,12,2,0,10,0,0,6,44,19,105,14,4,8,0,19,0,4,1,35,2,5,6,2,1,1,1,5,58,1,68,10,16,1,8
"26_017. David Guetta - Titanium ft. Sia (Official Video)_noise_-12.5dB_sample1.wav",176,0,48,14,3,2,11,0,2,0,0,1,1,0,0,0,11,151,106,66,1,66,40,2,62,2,0,0,1,1,11,16,32,6,4,3,1,0,2,0,0,2,3,0,2,0,70,3,0,2,2,11,15,7,0,1,0,30,2,281,0,2,0,0,1,3,0,12,1,0,0,1,0,3,46,13,0,13,2,8,0,14,0,4,1,25,1,1,0,2,0,1,0,4,77,0,46,4,13,8,0
"76_073. Lindsey Stirling - Crystallize (Dubstep Violin Original Song)_noise_-12.5dB_sample1.wav",189,19,45,72,3,5,14,24,1,2,3,8,7,15,29,6,13,170,140,77,3,66,55,4,72,6,4,3,3,1,11,12,44,28,16,6,5,0,1,5,2,2,4,1,2,5,132,0,9,43,1,11,11,12,8,0,2,23,0,7,0,13,2,1,4,1577,5,13,0,4,2,45,26,0,58,13,4,22,2,4,0,20,2,64,6,44,6,16,3,1,5,3,2,4,77,6,55,6,9,4,9
"34_The Trap_noise_-12.5dB_sample1.wav",180,153,48,21,121,4,11,1,4,2,0,3,3,2,4,3,12,165,124,77,18,66,74,15,68,5,7,1,3,0,11,11,44,14,8,7,1,0,15,1,2,12,0,1,3,1,19515,1,2,0,22,11,28,34,0,5,3,43,0,10,4,2,2,4,11,8,0,12,11,0,2,1,13,9,72,15,9,34,7,19,5,20,0,50,0,28,4,7,2,1,6,0,0,8,59,1,57,12,37,1,8
"20_Never Meant to Know_noise_-12.5dB_sample2.wav",196,37,141,1008,74,87,14,76,13,6,1,1,2,1,72,4,291,160,133,77,3,65,52,90,67,146,967,24,7,16,101,65,34,801,7,18,53,1,232,18,34,4,0,5,36,3,291,10,0,1,3,17,11,25100,101,5,2,26,2,7,10,20,13,267,42,22,242,13,101,146,48,2437,1,2,165,15,1,150,1,7,0,15,3,2196,1,55,19,95,4,2,49,140,3,37,82,24,57,28,5,3,8
"83_004. Katy Perry - Roar_noise_-12.5dB_sample2.wav",176,2,44,8,1,5,17,1,1,2,0,3,0,12,3,1,12,156,132,79,3,55,56,4,75,4,0,2,4,1,11,11,37,4,2,9,2,2,2,4,4,6,2,2,2,2,114,3,1,9,2,11,11,30,1,0,19,25,3,15,2,5,2,3,1,12,1,11,2,2,4,0,1,8,59,16,3,18,2,6,1,19,0,10,2,28,4,5,2,1,3,2,2,3,71,4,68,8,22,1,6
"47_020. Warriors (ft. Imagine Dragons)  Worlds 2014 - League of Legends_noise_-12.5dB_sample1.wav",175,3,56,7,2,3,12,3,2,3,1,3,1,2,2,2,12,173,118,68,6,42,46,9,71,4,3,1,4,0,13,11,34,24,26,3,3,2,2,2,4,4,3,2,2,1,111,2,0,11,3,11,11,8,2,0,1,31,4,4,1,3,2,4,2,1,2,14,4,393,6,6,4,0,70,22,2,17,3,34,5,20,2,22,2,34,10,1,1,1,4,4,5,5,65,2,64,2,14,2,5
"34_The Trap_noise_-12.5dB_sample2.wav",178,4,44,3,9,5,15,0,5,2,2,16,1,26,1,4,11,179,144,76,3,66,59,9,137,4,0,1,4,0,11,11,30,15,113,2,16,2,11,2,7,3,3,1,4,1,619,58,0,231,30,11,11,8,6,2,3,25,1,11,1,6,2,2,1,69,0,11,0,1,6,4,0,8,56,13,3,17,1,4,1,19,3,113,14,28,12,33,1,1,2,3,4,3,73,2,60,5,4,3,4
"21_085. Janji ft. Johnning - Heroes Tonight 1 HOUR_noise_-12.5dB_sample1.wav",180,4,56,4,0,3,11,2,2,2,2,3,1,3,5,1,17,169,100,66,3,63,44,6,67,4,0,0,3,1,9,11,26,6,24,3,0,2,8,0,1,3,1,2,2,3,99,9,1,53,0,11,13,6,1,0,2,24,1,4,5,10,1,1,7,1,0,10,1,1,4,0,0,3,56,15,1,21,3,18,0,17,1,6,1,40,5,3,3,2,5,2,2,2,63,1,61,4,7,3,4
"29_010. Katy Perry - Part Of Me (Official)_noise_-12.5dB_sample2.wav",194,3,60,19,132,2,14,6,6,0,2,4,2,11,2,5,16,162,124,77,3,66,52,4,76,2,1,2,2,2,11,11,28,6,4,3,0,0,0,0,2,2,4,2,2,0,110,1,1,9,5,11,11,4,1,0,1,46,0,4,1,6,2,2,0,3,0,15,0,3,2,10,1,5,54,15,4,14,2,16,0,15,0,6,1,25,4,2,4,2,1,2,2,3,90,1,56,6,9,0,2
"101_070. Eminence - Knock Me Out (feat. Anna Cyzon) [Monstercat Official Music Video]_noise_-12.5dB_sample2.wav",180,2,44,6,3,8,15,3,4,4,0,3,51,0,32,3,11,145,118,76,3,54,44,9,68,7,6,0,3,85,11,11,2097,3,18,6,49,0,0,3,2,4,0,2,12,1,104,5,15,1,2,11,11,8,0,0,0,26,0,2,2,23,6,26,748,12,1,12,0,7,0,4,0,6,59,27,0,14,1,51,2,20,5,47,1,43,36,12,3,1,0,2,0,4,75,1,58,4,24,0,10
"83_004. Katy Perry - Roar_noise_-12.5dB_sample1.wav",173,1,38,7,1,4,10,1,1,1,0,4,6,0,2,0,11,158,56,66,2,45,42,2,42,4,0,0,3,1,7,11,23,4,16,4,0,1,4,1,0,1,2,2,3,1,92,7,1,3,8,11,11,4,1,0,125,13,0,5,2,8,4,0,6,0,1,6,0,0,8,0,2,3,45,11,1,14,1,6,1,20,4,2,3,31,3,1,1,1,2,2,7,2,47,1,44,6,4,1,6
"2_023. Rachel Platten - Fight Song (Official Video)_noise_-12.5dB_sample2.wav",178,2,56,7,1,4,12,1,2,2,4,3,4,1,2,269,14,162,132,76,6,63,48,10,77,4,6,0,4,2,11,11,30,2,10,4,1,0,8,1,1,2,1,2,2,4,110,0,0,3,0,11,11,23,1,5,1,26,0,2,1,10,4,6,0,1,13,11,1,32,6,34,1,3,61,17,0,15,1,12,0,25,0,27,1,34,4,3,3,1,1,4,10,2,75,2,54,4,10,1,4
"1_028. Capital Cities - Safe And Sound_noise_-12.5dB_sample2.wav",187,3,48,40,10,15,15,2,4,2,0,1,1,2,14,1,14,174,136,75,6,59,54,8,80,7,2,4,2,5,13,11,47,64,2,48,203,1,6,1,3,2,0,3,13,0,102,0,0,0,0,11,11,34,13,0,0,28,0,1,1,8,7,7,2,6,3,12,8,9,6,37,1,0,56,25,0,16,1,21,0,13,6,15,1,28,5,4,2,2,2,2,8,2,73,2,57,4,16,1,8
"77_065. Nightcore - Ghostbusters_noise_-12.5dB_sample1.wav",177,3,44,10,1,4,18,1,1,4,4,1,1,1,2,1,12,175,124,70,2,354,52,5,84,6,6,1,3,3,10,11,28,4,20,3,2,2,4,1,1,8,1,2,2,1,118,1,0,2,3,11,11,49,5,1,1,22,1,2,2,3,2,4,6,1,3,11,4,5,2,7,1,1,72,11,1,20,1,6,0,24,0,10,0,39,8,3,3,2,0,6,2,6,73,3,58,4,1,1,5
"53_102. What_noise_-12.5dB_sample2.wav",176,3,44,6,2,3,11,0,2,1,0,4,6,2,1,2,12,157,141,77,0,61,44,4,61,12,0,4,2,16,11,11,156,2,10,5,22,1,0,1,1,2,0,2,9,0,81,0,0,17,1,11,11,81,0,0,0,22,0,3,0,600,1,2,84,70,1,11,0,2,4,6,1,6,56,21,2,12,1,9,0,15,1,52,0,22,5,11,2,1,0,3,2,5,81,4,52,2,12,0,4
"70_You and Me_noise_-12.5dB_sample1.wav",174,2,40,4,1,4,10,1,2,5,1,2,2,1,1,1,11,158,85,72,6,57,48,3,61,6,0,0,4,0,10,11,38,4,5,10,1,0,2,0,3,4,4,1,1,0,105,0,0,1,4,11,11,7,2,1,1,19,0,2,1,8,2,0,2,18,1,10,4,1,2,2,4,3,286,17,1,16,3,2,1,15,1,4,2,31,4,1,3,1,1,7,3,11,62,1,55,5,15,1,2
"35_036. Fall Out Boy - Centuries (Official Video)_noise_-12.5dB_sample2.wav",173,2,44,20,0,4,8,0,2,0,0,2,8,2,0,2,11,177,84,66,4,46,40,4,58,4,1,0,1,1,10,11,29,6,3,89,1,0,3,1,1,2,0,1,2,0,75,0,0,2,0,11,11,53,0,0,0,25,0,3,0,2,1,2,0,1,3,11,0,1,0,16,1,9,50,23,2,13,3,7,0,19,6,3,0,28,6,1,2,2,2,6,2,4,55,2,49,5,18,4,2
"18_044. tony igy-stop in my mind_noise_-12.5dB_sample2.wav",176,6,47,191,17,12,11,9,2,2,0,3,1,6,59,3,13,173,88,77,6,49,54,3,48,12,1,5,5,47,11,417,26,93,18,14,8,0,8,0,0,1,0,1,8,1,78,1,1,1,1,11,11,56,12,0,0,24,0,3,0,4,4,51,15,4,0,12,1,2,10,35,3,9,56,21,1,13,3,4,0,17,1,13,1,25,12,28,3,1,1,7,2,3,55,2,67,4,16,3,4
"67_090. Josh Groban - You Raise Me Up (Official Music Video) [HD Remaster]_noise_-12.5dB_sample2.wav",176,323,48,9,1,3,19,0,1,2,0,2,1,3,1,1,12,153,128,77,1,66,74,3,72,4,1,2,2,0,12,11,30,4,42,3,3,0,0,2,1,2,2,1,1,3,104,1,0,2,2,11,12,7,3,2,1,28,0,3,0,1,3,4,1,2,0,15,1,1,5,0,1,3,58,19,2,15,2,14,0,15,1,13,3,31,7,3,4,1,1,1,4,6,83,1,53,6,10,0,4
"46_032. Katy Perry - Wide Awake (Official Video)_noise_-12.5dB_sample1.wav",175,3,44,22,2,162,12,1,2,2,2,3,1,1,28,1,11,173,95,67,6,46,42,4,57,4,2,0,3,2,10,11,32,3,14,6,1,1,4,2,2,4,0,1,2,0,94,2,2,10,6,11,11,8,2,1,2,21,0,11,1,4,4,2,0,19,1,12,1,1,2,2,1,3,58,17,2,14,2,3,0,13,2,5,1,28,6,1,1,1,1,4,4,5,56,2,58,4,8,4,2
"84_001. Anna Kendrick - Cups_noise_-12.5dB_sample2.wav",176,3,44,3,0,5,12,0,99,1,0,5,1,6,0,0,11,155,129,78,1,51,45,4,64,4,1,0,2,1,11,11,28,6,13,3,0,0,0,0,1,4,0,3,2,0,90,0,0,1,0,11,13,3,0,0,0,28,1,4,0,0,1,6,2,1,0,11,0,2,6,0,1,3,56,17,2,12,1,4,0,15,1,4,1,28,2,1,6,2,1,2,2,4,71,0,52,6,8,0,2
"46_032. Katy Perry - Wide Awake (Official Video)_noise_-12.5dB_sample2.wav",176,3,44,10,1,245,13,2,2,1,0,1,1,2,1,1,12,163,86,76,3,42,44,5,55,2,0,3,6,1,11,11,28,2,2,14,1,1,0,1,1,2,3,1,2,1,78,0,0,1,3,11,11,4,2,0,1,22,1,5,6,2,1,2,4,1,0,11,0,2,2,3,5,10,48,23,0,13,5,4,0,24,1,1,2,31,7,1,2,1,0,2,2,2,55,0,44,8,22,0,2
"8_081. The Beach Boys - I Get Around_noise_-12.5dB_sample1.wav",178,1,48,4,0,2,14,1,1,2,0,2,1,0,0,8,12,167,139,77,0,65,57,3,73,2,0,0,2,0,11,11,28,4,3,6,0,0,0,1,0,331,0,1,1,0,98,2,0,15,0,11,11,4,0,0,1,25,0,6,1,8,2,1,9,1,0,12,1,0,2,8,1,6,62,15,6,18,3,4,2,19,1,8,0,34,6,3,2,1,1,4,2,2,77,2,60,4,10,1,4
"82_A Lady_noise_-12.5dB_sample2.wav",178,8,57,6,5,3,16,2,2,8,5,3,2,9,9,2,13,168,122,74,6,66,48,3,83,4,2,6,4,9,13,11,27,8,7,9,4,4,2133,2,2,4,4,3,2,5,103,13,2,9,4,11,15,9,4,0,5,26,1,9,4,4,4,4,7,4,4,11,4,4,2,1,8,9,60,18,14,16,3,9,10,19,1,8,2,31,5,2,3,0,4,4,4,3,78,2,55,4,15,2,7
"39_051. Galantis - No Money (Official Video)_noise_-12.5dB_sample1.wav",179,3,44,54,2,4,11,6,4,4,2,1,6,0,38,0,13,173,110,73,0,65,50,2,72,2,6,1,4,23,11,44,86,2,10,7,3,0,8,2,4,1,2,1,5,2,123,1,1,0,1,11,11,22,1,0,1,25,0,10,0,6,7,270,47,0,0,11,2,0,12,77,11,3,56,19,0,16,3,7,5,15,1,16,1,28,2,12,2,5,3,3,4,5,75,1,52,10,12,1,2
"60_057. Get Off The Phone Song_noise_-12.5dB_sample1.wav",176,4,44,3,1,3,7,5,3,1,2,2,2,2,2,2,11,163,72,66,2,43,33,4,39,5,0,3,2,1,7,11,21,9,10,7,3,3,1,1,2,4,3,98,2,4,68,3,0,3,2,11,11,2,2,1,2,17,0,6,3,4,2,4,1,2,1,11,2,2,4,1,1,6,37,15,1,10,4,4,2,18,1,6,3,40,2,3,5,2,2,3,2,7,55,4,34,6,13,2,2
"23_048. Pharrell Williams - Happy (Official Music Video)_noise_-12.5dB_sample1.wav",176,6,44,6,2,2,14,2,1,4,4,11,11,5,16,0,13,173,132,77,3,67,60,3,66,5,1,1,2,0,11,11,39,4,8,2,0,4,4,1,2,2,3,2,3,1,114,1,1,14,0,11,11,38,1,0,1,22,0,6,0,6,3,1,1,12,1,11,0,2,4,0,1,2,69,11,1,17,0,4,0,20,1,12,2,31,10,1,1,0,388,4,3,6,77,11,52,5,3,2,4
"54_016. Taylor Swift - Blank Space_noise_-12.5dB_sample1.wav",179,2,44,3,0,2,10,1,0,0,0,2,2,2,0,1,11,160,97,74,0,62,36,2,54,4,2,0,4,0,10,11,27,3,2,3,1,0,2,7,0,2,0,1,2,0,68,0,0,0,1,11,11,12,1,0,0,121,2,3,0,4,1,0,0,0,0,7,0,0,2,0,2,2,31,15,1,12,2,4,0,16,1,4,0,28,6,0,0,1,0,0,2,3,65,2,37,2,4,2,0
"53_102. What_noise_-12.5dB_sample1.wav",181,14,44,134,2,2,11,26,1,1,2,4,9,3,12,5,11,156,93,74,2,34,104,3,53,15,7,0,4,1,10,11,22,34,29,9,3,3,4,12,9,2,4,2,2,17,84,0,3,84,10,11,14,16,16,1,0,31,0,6,1,1222,3,10,0,188,4,13,3,2,2,18,0,6,58,19,7,29,2,6,4,17,0,274,8,32,11,4,4,1,4,5,2,4,61,23,52,6,12,0,6
"28_074. American Authors - Best Day Of My Life_noise_-12.5dB_sample2.wav",180,4,44,18,0,3,14,8,1,2,0,5,2,0,1,1,11,176,136,77,3,66,52,5,81,6,1,0,2,1,11,11,32,6,13,7,3,0,1,0,0,4,1,1,1,0,108,0,1,7,0,11,15,4,0,0,1,28,0,4,0,10,2,11,1,21,0,11,0,0,2,1,1,6,59,19,1,16,2,3,0,17,0,23,1,31,4,2,1,1,0,2,0,4,77,2,56,4,14,1,2
"32_086. Olly Murs - Grow Up (Official Video)_noise_-12.5dB_sample1.wav",177,1,48,16,4,3,11,0,0,0,0,0,6,1,12,7,11,159,105,71,0,51,42,4,48,2,0,4,0,3,10,12,28,15,6,5,5,1,0,2,0,2,3,3,2,9,73,2,0,22,0,11,11,1,0,4,1,24,1,1,1,2,0,0,1,5,1,11,0,0,3,0,6,4,44,21,2,15,2,292,2,13,2,1,1,25,4,1,0,1,1,3,2,2,56,2,46,5,14,4,0
"89_091. Faster Car - Anders Lystell feat. Kaliber [EPIDEMIC SOUND] (Lyrics)_noise_-12.5dB_sample1.wav",178,3,52,11,0,3,13,1,1,4,2,4,16,2,1,2,13,173,132,77,6,66,48,3,74,2,0,11,4,1,11,11,41,6,4,5,0,0,0,0,0,1,1,1,4,1,134,3,0,2,0,11,213,7,0,0,1,25,0,2,0,3,2,1,2,0,0,11,1,0,0,0,1,6,64,19,0,16,1,5,2,17,0,6,0,40,8,4,2,1,2,0,0,5,77,1,54,4,14,1,2
"28_074. American Authors - Best Day Of My Life_noise_-12.5dB_sample1.wav",192,5,46,27,0,3,8,15,2,2,0,3,3,0,23,0,13,200,87,71,1,66,43,5,57,6,3,0,4,3,8,11,21,12,6,6,1,0,14,1,0,4,6,1,2,1,83,0,1,6,0,11,17,3,1,0,1,28,0,6,0,8,0,5,4,51,0,8,0,1,9,12,0,8,41,14,1,12,3,14,0,16,0,18,1,31,1,2,5,2,1,1,0,3,61,1,42,5,12,2,2
"74_029. David Guetta - Hey Mama (Official Video) ft Nicki Minaj, Bebe Rexha & Afrojack_noise_-12.5dB_sample1.wav",187,3,44,3,1,1,10,1,4,2,2,0,0,1,4,4,11,161,73,66,1,39,38,7,46,4,3,2,2,2,10,11,30,8,3,12,1,0,0,3,1,2,1,0,1,0,59,1,0,1,1,11,11,2,0,0,0,24,1,3,0,1,4,2,0,6,0,13,1,2,0,5,1,6,41,25,0,12,5,4,1,22,2,9,1,31,2,0,0,1,3,1,116,8,61,1,41,4,26,2,1
"14_099. Sheppard Geronimo - [International Version] (Official music Video)_noise_-12.5dB_sample2.wav",177,3,44,6,2,8,11,3,4,1,2,2,8,9,5,4,13,167,120,76,5,64,46,5,82,21,276,1,3,0,10,11,36,4,6,9,2,1,2,1,4,2,3,1,4,3,100,2,0,11,10,11,13,4,1,1,7,22,1,6,4,6,2,2,2,5,2,10,4,3,6,9,2,3,56,16,1,16,4,5,4,18,4,21,2,31,8,2,2,2,0,4,4,6,75,3,55,9,8,2,6
"71_083. My Singing Monsters - Plant Island Theme_noise_-12.5dB_sample2.wav",208,3,44,213,6,4,14,0,4,3,0,2,3,4,2,2,13,173,137,77,36,66,1585,9,68,9,31,0,4,1,13,11,40,3,3,6,6,0,12,9,6,2,0,8,3,0,122,0,2,14,0,11,11,267,1,0,0,22,0,1,0,121,9,2,38,7,11,11,17,58,16,94,0,3,66,24,3,15,9,4,1,19,1,122,6,28,6,4,1,3,2,32,3,5,77,2,74,6,4,1,2
"38_082. Smoke and Mirrors_noise_-12.5dB_sample2.wav",178,2,62,4,0,7,13,1,1,1,4,2,5,1,2,1,16,159,119,76,0,49,54,7,63,11,3,0,4,0,11,11,36,2,8,5,1,0,4,1,3,4,1,0,2,1,86,0,0,269,0,11,11,6,2,0,1,32,2,7,0,4,2,4,2,0,0,12,0,2,0,0,1,0,57,21,2,15,1,25,0,17,2,11,0,28,2,1,2,1,0,4,12,3,73,2,56,4,20,4,1
"99_080. Melanie Martinez - Carousel (Official Music Video)_noise_-12.5dB_sample2.wav",185,32,48,2,2,5,12,19,3,1,4,2,304,24,6,9,12,170,129,74,5,63,48,5,163,5,0,4,4,23,11,11,28,11,163,8,2,14,4,43,2,2,18,1,241,6,105,1,0,2,0,11,12,13,10,12,2,25,1,2,9,13,4,25,1,2,2,7442,8,2,1,0,7,2,65,21,20,17,3,10,3,27,1,76,0,28,2,182,1,56,15,3,1,2,75,2,61,6,18,75,1
"25_035. Alan Walker - Sing Me To Sleep_noise_-12.5dB_sample2.wav",173,5,49,3,0,3,15,2,0,1,0,2,3,1,7,3,12,173,136,77,0,66,46,2,72,2,17,1,1,2,13,11,28,2,6,3,1,1,4,3,3,2,1,3,3,3,92,0,1,1,6,11,13,7,2,0,4,25,1,2,1,4,1,1,2,3,7,13,1,6,2,8,0,3,50,15,2,26,1,4,0,14,1,8,4,34,4,3,1,1,2,3,13,2,81,1,55,266,6,1,4
"73_Turn the Lights Off_noise_-12.5dB_sample2.wav",178,32,44,16,1,3,13,6,2,1,2,2,33,3,101,3,13,173,124,74,8,66,52,5,72,4,0,5,13,2535,11,216,135,55,16,12,32,1,7,2,16,4,0,1,8,1,110,0,1,12,1,11,11,6,1,0,2,23,0,4,2,4,2,155,240,3,37,11,4,9,35,16,1,6,60,28,2,15,2,4,5,20,4,12,2,28,9,138,3,3,0,3,4,7,75,2,60,8,11,4,11
"94_Banana Man_noise_-12.5dB_sample1.wav",176,5,69,54,3,10,13,12,3,3,4,1,13,2,12,3,14,164,114,71,3,61,42,6,73,576,4,5,4,0,9,18,28,8,8,10,3,4,1,3,7,2,5,3,4,9,97,3,2,20,2,11,11,11,2,5,13,25,3,4,2,8,8,2,2,65,3,11,6,2,3,23,2,6,52,18,3,14,4,48,4,17,7,36,4,32,7,4,2,2,4,4,4,4,70,2,44,9,17,4,3
"52_007. Katy Perry - Dark Horse ft. Juicy J_noise_-12.5dB_sample2.wav",176,27,40,9,4,10,9,1,1,2,1,6,0,33,25,1,9,166,74,69,3,58,42,4,51,5,0,0,2,0,9,11,21,6,10,6,3,0,1,0,0,2,23,4,9,1,80,8,0,5,3,11,9,1,7,1,1,77,2,10,2,5,1,1,2,67,0,8,4,0,8,0,0,3,44,16,0,14,3,8,0,14,1,5,3,27,3,3,6,5,1,0,2,6,56,0,42,20,7,406,0
"85_011. Martin Garrix - Animals (Official Video)_noise_-12.5dB_sample2.wav",176,3,56,49,1,3,12,1,2,2,2,4,1,619,9,3,15,155,146,74,12,58,52,8,96,5,1,1,2,4,11,11,40,2,10,12,4,1,2,2,2,9,0,3,3,1,233,4,2,19,2,11,11,16,8,0,2,28,0,12,1,4,4,2,2,1,0,11,0,1,6,3,1,12,64,29,1,15,4,41,2,25,2,4,0,40,2,3,3,1,0,2,2,14,71,1,67,8,24,2,4
"31_058. Rub Some Bacon on It_noise_-12.5dB_sample1.wav",177,1,89,1232,65,128,12,18,5,17,3,4,3,7,68,6,11,164,93,69,3,55,55,5,71,68,1,25,3,3,9,45,27,978,14,7,44,1,2,4,1,2,2,1,29,0,95,1,2,1,1,13,11,288,79,2,2,24,1,2,1,6,10,149,1,11,1,11,0,20,4,117,3,5,70,26,2,18,13,10,0,24,4,44,1,37,30,46,2,0,1,8,2,5,57,1,49,4,15,1,15
"42_046. Meghan Trainor - NO_noise_-12.5dB_sample1.wav",172,2,40,6,1,1,8,2,4,0,3,3,1,4,1,2,12,148,61,66,1,61,42,4,46,6,3,0,227,1,9,11,20,6,4,10,0,2,2,1,2,2,2,1,2,0,69,1,0,3,1,11,11,4,2,1,3,19,2,6,1,8,1,1,7,1,0,8,2,0,2,1,4,4,40,10,0,13,3,9,0,13,3,4,2,31,7,1,0,2,2,3,1,5,51,0,40,5,10,0,4
"41_The Bidding_noise_-12.5dB_sample1.wav",173,11,48,6,0,2,12,1,2,1,2,7,2,6,1,0,13,153,71,66,4,44,48,11,47,7,1,0,1,0,11,11,25,4,8,5,0,0,4,0,1,2,0,0,1,1,74,0,0,0,1,11,11,4,0,0,2,16,0,3,0,2,3,2,0,0,0,10,0,1,6,0,0,4,61,27,0,17,2,3,0,17,0,15,1,37,13,2,1,2,0,0,2,4,55,0,201,3,13,0,0
"102_018. Shawn Mendes - Stitches (Official Music Video)_noise_-12.5dB_sample1.wav",175,6,44,4,0,3,15,1,2,2,2,38,2,1,1,2,11,168,111,72,0,52,48,2,58,4,0,0,4,0,11,11,30,4,8,6,0,1,0,0,2,4,1,1,14,0,96,4,0,2,0,11,11,13,1,0,0,25,1,3,0,4,4,1,0,17,0,12,4,1,2,0,1,6,66,19,1,14,2,4,0,17,0,6,1,28,4,1,2,1,2,4,2,4,61,0,60,2,12,0,2
"66_Cruel_Summer_noise_-12.5dB_sample1.wav",175,2,44,4,3,2,12,1,7,6,3,4,1,3,3,0,11,146,105,66,2,66,49,3,47,4,4,1,2,1,10,11,41,8,4,3,2,3,6,1,3,3,2,3,2,1,122,3,116,4,4,10,12,28,0,3,1,26,1,8,2,6,2,1,3,2,3,10,1,2,6,1,3,10,67,11,2,16,2,5,1,13,2,6,1,35,4,3,2,2,3,4,3,4,67,1,56,6,6,3,3
"30_Cannibal_noise_-12.5dB_sample2.wav",175,3,48,346,6,10,7,17,28,1,0,2,1,1,5,5,13,155,84,71,8,55,44,35,50,6,2,3,5,5,7,11,40,33,8,7,10,1,8,1,6,2,0,12,4,0,117,0,0,22,0,11,13,196,9,0,1,44,1,10,0,5,1,28,172,1,0,12,1,168,12,4,3,5,53,23,0,16,5,4,1,17,2,399,4,28,171,3,1,1,1,2,8,7,58,1,63,5,18,1,11
"29_010. Katy Perry - Part Of Me (Official)_noise_-12.5dB_sample1.wav",173,0,44,27,156,4,15,3,1,2,2,2,0,4,6,7,12,174,135,77,3,66,46,3,80,2,1,4,2,1,11,11,26,4,4,7,5,0,0,3,0,4,1,1,1,9,98,0,0,2,5,11,15,3,0,0,0,28,0,6,1,2,1,4,3,9,0,12,2,1,2,8,0,6,58,17,0,15,2,4,0,17,1,6,1,37,4,0,4,0,2,2,2,3,77,1,52,6,12,1,4
"42_046. Meghan Trainor - NO_noise_-12.5dB_sample2.wav",177,4,48,7,0,3,13,0,5,1,0,9,0,0,0,0,12,173,128,77,3,58,44,4,65,5,0,0,99,1,13,11,34,2,5,5,1,0,0,0,0,2,1,5,1,0,94,0,0,0,0,11,11,1,0,0,0,24,0,0,1,0,2,0,6,0,0,12,0,2,10,1,0,3,52,19,1,15,1,9,4,15,1,1,0,31,2,1,5,3,0,0,0,3,75,0,48,6,14,0,4
"17_084. Thomas Rhett - Crash and Burn_noise_-12.5dB_sample1.wav",176,3,48,2,0,3,11,2,3,1,0,2,4,0,1,2,236,165,119,77,9,61,44,4,47,4,1,0,3,0,11,11,27,4,12,5,0,0,0,1,0,2,0,1,2,1,82,0,0,0,2,11,11,11,0,1,1,26,0,6,0,3,6,2,7,0,1,13,0,0,2,0,0,12,61,19,2,16,2,4,1,15,0,3,0,28,3,3,2,1,0,2,1,3,76,2,56,6,14,1,2
"101_070. Eminence - Knock Me Out (feat. Anna Cyzon) [Monstercat Official Music Video]_noise_-12.5dB_sample1.wav",175,1,44,33,4,12,15,1,2,6,0,2,1,2,5,3,12,155,114,68,0,34,62,6,69,6,1,32,2,2,11,13,286,18,4,58,3,0,3,0,1,3,2,1,7,0,83,0,0,5,0,11,14,8,8,0,4,22,0,1,0,3,2,6,4,30,2,11,0,10,8,11,0,4,62,29,0,13,3,18,1,21,1,19,1,31,4,7,3,0,0,3,0,2,61,1,64,10,24,0,2
"18_044. tony igy-stop in my mind_noise_-12.5dB_sample1.wav",176,1,48,76,2,5,13,1,6,2,2,2,2,1,3,2,12,173,135,77,4,66,54,4,81,4,0,11,12,1,13,305,34,16,10,2,1,0,4,1,0,2,1,1,4,1,125,0,2,0,0,11,11,10,0,0,1,24,2,6,0,4,2,2,2,0,0,11,3,1,2,8,0,3,58,17,1,20,5,6,0,20,2,6,1,28,10,33,5,2,2,4,1,2,77,1,64,2,10,2,3
"62_061. LEFT SCREEN ONLY Spot the Differences_noise_-12.5dB_sample2.wav",175,1,44,6,2,2,19,0,2,0,2,3,0,13,2,1,11,165,116,74,3,58,48,3,66,6,1,2,2,0,11,11,32,3,10,3,0,1,0,1,0,1,1,2,40,1,95,2,2,2,2,11,11,9,0,0,2,22,0,4,0,6,1,4,1,9,3,11,1,0,4,0,1,3,64,19,3,19,1,3,451,14,2,6,2,38,2,1,3,2,0,3,4,4,80,3,52,4,10,1,44
"36_072. Jessie J - Price Tag ft. B.o.B_noise_-12.5dB_sample1.wav",174,3,44,0,3,3,11,0,2,1,2,2,0,0,2,2,12,153,135,77,6,59,48,2,77,2,0,11,0,3,11,11,34,1,4,6,0,0,2,0,0,2,1,1,1,0,100,0,0,0,0,11,11,2,0,0,0,24,1,1,0,4,2,4,4,6,0,11,0,2,2,0,1,6,52,17,2,15,2,4,0,15,2,18,9,31,4,0,1,0,0,0,1,2,225,0,52,2,10,0,4
"64_097. Nightcore - Running With the Wolves [Lyrics]_noise_-12.5dB_sample1.wav",180,0,36,5,1,2,16,0,2,1,0,1,2,6,0,2,5,152,88,66,0,42,33,4,41,4,1,0,2,0,14,11,27,3,12,3,0,2,4,0,2,0,0,1,12,2,52,2,0,7,0,11,11,4,0,1,1,25,0,1,1,4,4,5,1,0,0,9,1,3,2,0,1,1,44,15,176,11,1,2,10,16,0,3,0,28,1,10,0,7,1,2,4,3,51,2,50,2,8,1,2
"27_022. Major Lazer & DJ Snake - Lean On (feat. MØ) [Official Music Video]_noise_-12.5dB_sample1.wav",180,1,52,7,0,1,11,2,1,116,0,2,1,1,1,1,12,170,128,77,4,62,54,3,66,2,0,3,3,2,11,11,28,6,2,3,6,0,2,1,1,4,0,2,3,1,94,1,0,3,0,11,11,5,5,0,0,31,0,4,0,1,1,0,3,9,0,13,0,0,0,1,0,0,54,19,0,14,3,12,0,17,0,2,1,22,1,3,2,2,0,2,2,5,77,1,52,8,10,2,0
"15_060. My OCD (Song)_noise_-12.5dB_sample2.wav",182,3,52,4,0,4,15,1,3,2,2,4,2,0,1,0,14,185,137,77,2,68,44,4,66,4,0,8,4,1,11,11,34,4,12,10,0,0,0,1,2,4,0,1,4,0,135,1,0,5,0,11,11,8,1,0,0,28,0,1,0,2,2,0,1,4,2,15,0,0,2,0,0,6,64,15,3,17,2,2,0,19,0,2,1,31,5,3,1,1,2,0,2,10,77,4,56,4,6,0,2
"104_024. twenty one pilots Stressed Out [OFFICIAL VIDEO]_noise_-12.5dB_sample1.wav",178,1,52,308,4,3,12,4,8,2,0,4,16,1,8,3,12,147,140,73,0,66,44,10,76,4,118,0,7,10,53,11,41,12,5,28,5,2,121,2,2,5,3,2,4,0,94,1,2,1,1,11,13,1826,0,4,2,40,1,8,0,14,2,8,1,2,482,14,15,4,31,143,0,6,50,17,1,16,3,13,2,20,1,312,2,28,7,22,4,2,0,7,6,11,77,0,52,8,8,0,4
"37_063. Bastille - Pompeii (Official Music Video)_noise_-12.5dB_sample1.wav",180,5,52,34,6,3,11,5,6,2,0,4,2,5,2,40,11,155,118,71,6,55,47,628,62,13,69,2,4,3,137,11,43,13,16,5,3,6,9,3,8,4,4,13,5,4,96,8,1,3,4,11,13,320,1,1,2,26,1,2,3,9,10,13,4,2,16,12,9,2,2,104,2,7,63,19,2,16,1,7,3,16,7,177,3,33,15,35,3,8,7,12,2,5,71,9,60,12,10,6,5
"75_078. Kungs vs Cookin on 3 Burners - This Girl (Official Music Video)_noise_-12.5dB_sample1.wav",192,10,48,4,2,6,498,1,1,2,0,4,3,1,53,2,11,149,91,75,6,37,52,5,65,2,0,0,2,1,8,11,26,6,6,15,2,2,9,0,2,2,4,3,5,4,84,5,0,3,0,11,11,4,4,2,3,25,0,2,1,2,2,2,5,2,1,11,8,2,4,1,11,6,54,16,2,19,5,13,2,18,3,1,16,31,4,2,3,28,5,9,4,2,60,10,59,4,22,1,5
"63_087. Anaconda - Nicki Minaj  The Fitness Marshall  Dance Workout_noise_-12.5dB_sample1.wav",187,1,13,67,0,1,4,1,2,2,0,1,1,6,4,0,8,143,35,52,1,43,18,6,28,3,2,2,2,0,4,11,19,13,12,13,2,0,0,0,6,3,1,0,1,0,61,0,0,0,0,11,7,5,0,0,0,9,0,4,0,1,0,2,1,2,0,4,0,2,4,11,1,7,30,8,2,8,185,19,0,12,1,4,0,31,5,9,1,1,0,0,0,4,37,0,38,3,14,1,4
"27_022. Major Lazer & DJ Snake - Lean On (feat. MØ) [Official Music Video]_noise_-12.5dB_sample2.wav",191,1,44,3,0,4,6,1,2,129,0,3,8,0,6,1,16,173,96,72,1,57,32,10,45,6,0,0,1,3,10,11,22,0,4,6,1,1,0,3,0,4,3,3,1,1,68,2,0,0,1,11,11,11,2,2,2,28,0,0,0,1,2,0,1,68,0,11,6,0,0,0,4,5,42,24,2,11,5,7,0,15,1,2,1,25,3,2,1,3,1,4,4,6,49,1,44,10,20,0,0
"67_090. Josh Groban - You Raise Me Up (Official Music Video) [HD Remaster]_noise_-12.5dB_sample1.wav",191,4081,53,27,4,5,14,0,2,6,7,11,3,13,27,1,12,159,132,76,2,60,48,6,254,3,0,4,2,3,11,11,33,10,299,6,5,1,0,2,1,4,45,6,2,62,115,406,0,3,86,51,13,8,12,9,17,428,5,11,7,2,2,0,1,39,0,67,0,4,2,5,2,6,71,21,4,15,3,53,2,18,0,51,1,31,6,2,5,3,2,1,0,6,73,12,54,10,14,25,4
"44_Sacred Beast_noise_-12.5dB_sample1.wav",217,2,48,4,2,7,13,2,7,1,6,6,19,13,23,6,13,158,99,80,4,55,46,4,66,5,2,2,1,2,11,11,28,73,23,12,12,1,7,1,1,2,5,5,3,49,96,2,1,82,24,11,11,4,8,7,2,24,3,0,4,6,4,6,1,20,4,11,6,2,8,4,4,6,64,23,2,1088,4,3,3,21,2,58,4,34,4,3,4,1,3,8,2,3,69,1,54,7,27,3,1
"49_050. Carly Rae Jepsen - I Really Like You_noise_-12.5dB_sample1.wav",318,1,46,4,0,3,3,1,1,2,0,2,2,0,3,0,14,147,46,66,0,55,22,4,32,2,0,0,1,0,4,11,10,5,4,10,0,0,0,0,0,2,3,1,2,0,44,1,0,4,0,11,9,1,3,0,0,8,2,3,0,4,1,0,1,24,1,3,0,0,2,0,0,5,26,11,2,11,3,4,4,16,0,2,106,28,1,1,1,2,0,0,1,3,33,1,28,8,15,0,2
"45_005. OneRepublic - Counting Stars_noise_-12.5dB_sample2.wav",229,1,7,3,0,1,2,0,2,1,1,1,0,1,0,0,5,155,20,52,1,44,19,8,22,2,0,0,1,1,2,11,9,8,7,5,0,0,1,0,0,5,2,0,3,2,46,2,1,2,1,11,5,9,1,0,0,13,0,4,0,0,1,1,6,1,0,2,125,1,3,6,1,5,26,6,4,8,5,2,0,12,0,1,1,52,0,1,0,2,0,0,1,2,27,0,22,5,4,0,2
"40_052. Lindsey Stirling - Moon Trance (Official Music Video)_noise_-12.5dB_sample1.wav",199,2,46,288,0,2,30,26,23,3,0,2,4,1,1,1,12,173,132,380,0,66,54,17,79,4,1,0,2,8,11,11,30,17,6,2,17,0,9,1,8,7,1,0,4,0,126,1,1,50,0,11,15,66,2,1,1,28,3,4,4,4,1,4,229,0,2,11,0,66,16,2,2,6,65,13,2,15,3,4,0,19,3,276,1,31,66,0,2,2,0,4,5,3,85,2,58,4,2,0,6
"4_003. Lorde - Royals (US Version)_noise_-12.5dB_sample2.wav",194,1,48,7,0,3,14,2,2,1,0,2,10,3,1,6,13,173,138,77,3,66,46,3,75,4,1,0,1,0,13,11,27,4,1,6,0,0,2,0,1,1,0,1,2,0,119,0,1,11,1,11,11,3,0,1,0,24,0,6,0,5,2,0,0,57,1,12,0,0,2,0,0,6,70,19,0,15,2,6,5,17,0,7,1,31,2,3,4,1,2,2,1,2,81,0,55,4,14,1,4
"79_095. Alan Walker - Alone_noise_-12.5dB_sample1.wav",179,0,44,8,1,4,14,1,4,4,0,3,7,3,7,2,11,160,140,77,5,66,46,4,69,8,1,4,6,1,12,11,36,2,6,5,2,1,6,0,1,2,0,2,2,4,120,0,0,6,1,11,14,8,2,0,1,22,145,3,0,8,2,2,5,3,3,11,0,2,0,3,2,9,62,17,1,15,1,2,0,23,0,7,3,28,4,1,3,1,2,2,2,2,77,2,61,2,12,1,1
"38_082. Smoke and Mirrors_noise_-12.5dB_sample1.wav",191,1,52,7,4,7,14,0,2,17,0,2,1,3,2,3,13,143,124,75,6,60,46,6,69,5,12,0,3,0,11,11,34,12,61,5,4,2,8,0,3,2,7,2,4,1,94,0,0,99,6,11,11,3,1,1,1,34,4,1,1,4,2,2,22,25,0,13,0,0,12,168,0,6,56,17,0,16,3,13,2,17,1,40,16,34,13,8,4,3,4,3,5,7,77,0,54,6,12,1,7
"90_064. Eurythmics, Annie Lennox, Dave Stewart - Sweet Dreams (Are Made Of This) (Official Video)_noise_-12.5dB_sample2.wav",193,3,44,4,0,4,11,0,1,1,1,2,2,1,1,6,11,149,87,68,1,46,34,4,41,2,0,1,1,1,6,11,22,4,13,6,0,0,0,0,0,4,3,2,1,0,93,0,0,0,1,11,11,8,0,0,0,24,0,2,2,2,4,4,1,1,0,11,1,1,4,1,1,6,40,19,0,13,2,23,0,16,0,0,0,52,4,2,6,51,0,0,0,1,50,0,42,4,14,0,4
"35_036. Fall Out Boy - Centuries (Official Video)_noise_-12.5dB_sample1.wav",192,6,44,3,0,4,11,2,1,2,0,2,1,0,1,0,13,167,122,74,0,64,42,3,57,3,3,0,5,0,11,11,26,8,6,240,2,0,0,1,0,4,0,1,2,0,82,1,1,13,1,11,11,11,0,0,1,35,0,4,0,4,0,4,3,5,1,11,1,0,0,1,0,6,52,11,2,13,5,12,0,15,2,0,2,31,2,2,10,1,0,2,2,6,57,0,52,4,2,2,1
"0_096. Nightcore - Mad World_noise_-12.5dB_sample1.wav",185,1,52,0,0,8,10,0,3,1,1,1,1,0,0,0,12,149,102,72,541,42,44,4,54,1,0,1,4,0,11,11,25,5,2,7,2,0,0,2,1,1,0,1,1,0,68,2,0,22,1,11,11,1,0,0,0,26,0,2,2,2,0,0,0,1,1,12,1,4,0,0,0,2,44,24,0,11,2,9,2,12,1,1,1,22,2,2,2,1,1,4,1,2,60,4,46,1,16,0,1
"33_076. Galantis - Firebird (Official Audio)_noise_-12.5dB_sample2.wav",193,13,50,6,6,13,18,1,2,2,1,2,1,26,2,3,13,139,112,72,3,42,46,5,57,3,1,4,6,0,11,11,33,6,29,4,3,4,5,1,2,2,8,3,3,11,101,94,0,32,17,12,11,8,4,3,9,28,7,5,243,2,4,3,2,14,2,13,5,2,4,0,2,3,48,18,4,13,5,15,2,15,7,7,5,40,4,5,3,4,6,2,2,4,65,3,44,8,12,4,4
"89_091. Faster Car - Anders Lystell feat. Kaliber [EPIDEMIC SOUND] (Lyrics)_noise_-12.5dB_sample2.wav",193,2,48,4,1,6,11,207,2,2,1,0,2,1,4,1,35,159,127,77,0,65,51,5,65,3,0,2,8,5,11,11,27,2,2,4,0,9,2,0,2,2,0,3,1,0,81,1,0,2,1,11,685,8,1,3,1,24,0,2,2,3,1,12,9,1,1,11,7,1,0,0,0,3,65,15,4,14,1,29,0,16,2,3,1,25,5,8,2,6,4,2,2,2,73,3,52,4,8,7,1
"94_Banana Man_noise_-12.5dB_sample2.wav",181,3,46,20,3,2,11,4,1,1,2,3,2,15,166,3,12,173,132,76,3,66,46,5,74,357,1,1,3,2,11,11,28,12,5,7,2,1,3,24,2,1,4,3,2,1,123,6,4,16,4,11,11,7,7,2,6,28,4,2,2,18,2,2,2,24,1,11,4,4,4,143,2,6,59,20,1,16,2,4,4,20,3,2,4,28,5,2,4,3,2,3,2,5,77,2,56,10,10,3,6
"61_045. The Black Eyed Peas - I Gotta Feeling (Official Music Video)_noise_-12.5dB_sample1.wav",193,3,48,4,2,6,16,1,1,1,2,2,7,8,9,4,15,172,148,77,4,66,50,6,69,6,7,1,2,2,11,11,36,4,6,3,12,0,4,2,4,4,2,3,2,0,101,0,2,1,7,11,11,112,2,1,0,23,2,6,1,8,3,2,12,2,1,11,2,20,5,16,1,1,64,17,1,19,1,3,1,19,1,6,3,1086,4,2,4,3,1,2,2,3,79,22,58,6,12,3,2
"19_054. Owl City - When Can I See You Again (From Wreck it Ralph)_noise_-12.5dB_sample1.wav",177,3,53,5,4,4,15,1,1,0,2,1,0,1,1,3,16,168,107,78,0,64,48,7,47,2,7,3,2,1,11,11,22,5,6,5,1,0,0,0,1,2,1,1,0,7,59,0,1,38,4,11,11,6,0,0,0,32,0,1,1,4,2,2,0,1,0,11,0,0,146,1,0,3,34,19,4,18,4,41,0,16,0,6,1,28,1,4,3,1,0,2,4,3,73,1,58,2,8,4,6
"69_066. Jessie J - Bang Bang ft. Ariana Grande, Nicki Minaj_noise_-12.5dB_sample2.wav",174,14,45,4,0,3,17,0,2,2,2,2,4,8,1,1,13,150,138,77,3,66,48,4,72,2,3,2,2,2,12,11,27,2,43,2,0,1,4,0,2,2,3,1,2,0,102,4,1,0,0,11,13,16,1,183,0,26,0,6,1,6,2,2,1,0,2,14,1,4,2,12,0,4,51,17,0,13,0,7,0,13,0,16,0,31,4,6,2,2,1,2,2,3,81,0,50,3,8,1,28
"86_019. Naughty Boy - La la la ft. Sam Smith (Official Video)_noise_-12.5dB_sample2.wav",173,3,44,4,3,6,19,16,2,2,4,4,2,1,2,2,12,162,135,77,1,66,49,6,84,3,2,4,2,4,15,11,35,4,8,12,15,1,0,1,1,4,2,1,4,1,114,6,0,4,0,11,11,8,1,2,5,25,1,2,1,6,4,2,1,2,1,12,4,3,4,10,1,3,56,29,4,15,3,11,1,21,4,17,4,31,9,130,1,1,2,2,4,3,77,2,52,4,28,4,6
"21_085. Janji ft. Johnning - Heroes Tonight 1 HOUR_noise_-12.5dB_sample2.wav",171,6,44,6,0,3,24,0,0,1,0,4,1,2,1,0,11,151,75,68,2,59,34,4,44,3,3,0,5,1,8,11,26,5,6,7,0,0,8,0,0,3,2,1,3,2,93,29,0,3,3,11,11,4,6,0,3,18,1,4,13,4,1,2,7,0,0,10,1,1,4,3,2,9,45,17,4,14,4,8,0,12,3,3,3,40,5,1,1,2,0,2,4,6,65,2,37,4,10,3,12
"91_Greener_noise_-12.5dB_sample1.wav",176,6,44,22,1,3,39,2,4,2,2,1,1,1,12,1,11,148,105,71,1,39,52,3,54,3,1,2,2,38,11,11,28,6,4,6,2,1,4,2,2,1,4,1,3,0,78,4,0,4,2,11,15,9,1,1,2,31,0,6,2,2,3,10,470,1,6,11,1,13,4,13,3,6,56,17,1,12,2,3,1,19,5,14,0,34,20,9,1,2,1,2,6,5,55,0,56,8,12,2,6
"48_027. MAGIC! - Rude (Official Video)_noise_-12.5dB_sample1.wav",188,3,52,2,1,1,14,1,2,1,0,2,0,2,0,2,13,173,138,77,0,66,44,2,77,2,0,1,2,16,13,11,28,8,16,4,1,433,0,2,2,1,5,1,9,1,112,2,0,3,1,11,15,2,0,4,1,34,0,8,2,2,1,2,0,3,0,26,3,0,2,0,1,6,52,15,2,13,2,8,0,18,2,4,1,25,2,6,1,2,2,2,3,6,77,2,57,8,4,4,1
"43_098. Nightcore~ The Wolf_noise_-12.5dB_sample2.wav",183,3,44,13,0,9,12,0,2,2,2,2,1,1,1,3,12,173,108,73,0,51,46,5,68,5,0,0,4,0,11,11,34,4,8,5,0,0,0,2,2,2,0,1,2,0,119,1,0,7,0,11,11,16,2,0,3,22,1,2,0,4,4,2,0,0,0,11,0,4,2,0,1,2,60,23,0,15,2,7,1,19,1,10,1,28,2,6,3,1,0,2,2,4,63,156,58,4,18,0,1
"59_014. Avicii - Hey Brother (Lyric)_noise_-12.5dB_sample2.wav",182,87,50,2,54,3,25,1,81,2,13,2,4,43,7,4,13,150,86,66,1,66,44,162,7659,4,291,0,2,28,11,11,40,312,8111,4,5,4,145,1,92,2,18,6,3,10,415,5,0,799,33,11,11,7,43,4,0,11,2,55,10,2,1,2,5,16,0,55,35,16,155,58,1,54,28,11,3,56,3,11,20,13,20,967,1,45,2,290,2,2,20,36,1,17,49,1,26,6,4,27,4
"95_053. Avicii - Hey Brother_noise_-12.5dB_sample1.wav",195,4,52,7,0,6,25,1,2,4,0,4,2,4,2,0,13,180,115,74,3,54,48,6,198,4,1,0,2,2,11,11,35,6,114,14,0,1,0,0,1,2,1,2,1,8,98,4,0,127,1,11,11,16,2,0,3,26,1,1,3,6,2,6,3,1,1,13,1,2,2,11,3,11,68,21,3,16,5,16,1,20,1,0,1,25,4,0,0,2,1,2,2,16,63,3,68,4,23,0,8
"52_007. Katy Perry - Dark Horse ft. Juicy J_noise_-12.5dB_sample1.wav",189,6,48,5,2,4,13,0,1,1,4,4,0,2,1,6,13,170,138,81,0,66,52,4,71,6,2,2,4,0,12,11,36,4,8,3,0,2,4,0,2,2,0,1,2,0,124,0,0,6,1,11,11,15,2,0,1,24,1,2,0,6,1,0,2,2,0,12,0,1,0,1,1,9,66,15,1,21,1,4,0,21,0,12,1,41,6,3,2,2,0,4,4,6,78,2,59,4,8,328,0
"47_020. Warriors (ft. Imagine Dragons)  Worlds 2014 - League of Legends_noise_-12.5dB_sample2.wav",188,3,48,2,3,7,11,0,2,4,3,2,1,1,2,2,12,167,132,74,3,66,44,5,69,4,2,2,3,0,11,11,31,6,11,4,5,4,0,1,1,4,4,3,3,2,97,2,0,5,2,11,13,7,1,1,3,28,0,2,2,2,2,4,1,4,1,11,2,154,9,2,1,5,57,21,2,16,3,14,2,16,3,7,1,25,4,3,1,2,2,1,2,3,69,2,52,4,12,2,4
"10_012. Calvin Harris - I Need Your Love (Official Video) ft. Ellie Goulding_noise_-12.5dB_sample2.wav",175,40,54,3,0,1,11,0,1,2,0,3,4,1,2,3,14,147,99,66,3,66,37,3,71,4,0,0,4,0,8,11,30,19,13,3,1,1,0,1,0,2,2,1,4,140,115,2,0,1,1,11,13,15,9,15,6,26,1,8,2,5,1,3,0,9,2,12,1,1,2,0,1,13,58,15,1,15,1,12,2,14,1,7,2,29,4,3,1,1,0,2,2,3,74,9,52,7,4,1,3
"49_050. Carly Rae Jepsen - I Really Like You_noise_-12.5dB_sample2.wav",175,7,46,6,3,4,13,11,1,1,0,2,1,9,2,0,11,162,110,77,0,50,48,4,54,4,0,2,2,1,11,11,38,6,3,3,3,3,3,2,0,4,2,2,3,2,115,21,0,29,1,11,11,3,7,0,1,31,4,6,2,6,2,4,2,34,0,12,2,0,2,0,2,6,56,15,1,12,2,8,1,13,0,7,99,31,4,1,3,2,1,2,4,4,69,0,56,8,4,1,4
"88_033. Fifth Harmony - Worth It (Official Video) ft. Kid Ink_noise_-12.5dB_sample1.wav",184,0,44,3,0,7,12,1,4,1,107,1,0,2,1,0,11,162,111,71,0,47,56,7,54,7,4,1,3,2,15,11,31,7,2,4,1,2,0,0,1,2,0,1,2,0,84,1,0,0,0,11,11,7,2,0,1,31,0,4,2,2,4,1,0,1,1,13,0,1,4,3,1,3,60,19,2,14,3,8,0,21,0,2,1,37,2,2,1,3,0,0,0,6,61,2,62,4,16,0,4
"31_058. Rub Some Bacon on It_noise_-12.5dB_sample2.wav",200,5,258,3419,144,251,47,67,13,25,0,2,5,5,152,24,12,163,133,79,6,66,46,21,418,187,81,49,4,20,11,98,32,4921,429,8,90,0,14,2,13,7,3,1,78,2,158,0,1,186,63,27,11,813,188,0,5,22,3,4,16,7,20,265,3,42,0,15,2,4,71,270,1,4,136,33,2,17,7,4,4,19,9,212,33,28,56,345,1,1,2,18,3,20,77,2,58,4,16,3,23
"81_013. Passenger  Let Her Go (Official Video)_noise_-12.5dB_sample1.wav",189,1,44,120,2,4,12,2,3,2,0,2,0,1,2,2,11,164,121,79,3,57,48,3,66,4,5,1,2,2,11,11,40,8,4,7,2,0,2,0,1,2,0,1,1,1,109,1,0,4,0,11,11,4,1,1,0,22,0,4,0,4,343,5,4,4,1,11,0,2,3,2,2,12,58,17,1,18,4,5,1,19,1,2,2,31,2,1,4,1,2,2,3,2,77,2,56,6,12,1,2
"22_094. Harry Potter Puppet Pals - The Mysterious Ticking Noise (Video With Lyrics)_noise_-12.5dB_sample2.wav",194,6,48,4,0,4,14,0,0,2,0,3,2,2,2,6,12,164,135,77,0,66,64,3,86,4,1,0,4,1,11,11,31,2,10,9,1,0,4,3,0,4,0,2,2,0,112,1,0,0,3,11,11,11,1,1,2,24,0,1,1,4,2,0,1,8,0,11,0,2,2,0,2,6,62,23,1,15,3,12,2,82,2,3,2,28,2,0,1,1,0,2,6,2,77,0,56,0,18,1,2
"78_026. Katy Perry - Firework (Official Music Video)_noise_-12.5dB_sample1.wav",179,436,38,17,3,21,17,3,2,10,16,6,0,10,21,1,16,158,86,66,2,64,36,4,54,4,0,20,4,12,7,11,26,7,24,7,1,0,14,0,3,6,62,5,5,11,107,4809,0,3,265,57,64,91,38,2,42,37,51,12,83,18,3,4,12,35,3,9,4,1,4,6,1,6,50,17,1,13,2,15,5,18,32,11,21,31,6,2,2,3,17,0,4,4,63,9,54,9,9,24,4
"33_076. Galantis - Firebird (Official Audio)_noise_-12.5dB_sample1.wav",179,49,68,6,3,5,13,1,1,1,0,3,3,4,3,1,20,163,147,77,4,65,64,6,89,4,0,1,4,0,11,11,42,6,4,2,3,3,9,0,1,4,8,1,2,7,115,78,0,2,6,48,11,9,1,4,8,30,1,5,382,10,3,4,1,3,0,12,2,0,2,0,0,4,66,23,1,17,1,24,0,18,8,4,4,28,8,1,3,5,2,4,2,2,79,4,56,2,12,3,2
"97_075. Lindsey Stirling - Prism (Official Video)_noise_-12.5dB_sample1.wav",185,3,39,169,1,4,7,1040,25,2,0,3,4,2,2,1,9,143,56,60,1,31,117,14,32,8,7,2,1,6,7,11,25,7,7,17,7,2,10,10,26,3,0,1,5,0,169,3,4,4,2,11,8,93,3,0,0,17,1,2,1,9,2,3,77,222,2,11,2,96,5,2,7,8,42,20,5,10,7,39,3,13,2,53,3,34,91,2,1,1,0,1,5,7,35,1,34,9,19,2,5
"14_099. Sheppard Geronimo - [International Version] (Official music Video)_noise_-12.5dB_sample1.wav",175,2,50,4,1,4,13,1,1,2,1,5,9,4,2,2,11,150,123,77,0,59,46,7,105,4,713,3,1,0,11,11,29,4,76,6,2,3,4,2,2,3,6,1,3,1,92,1,0,8,5,11,11,4,2,0,0,28,0,6,3,3,3,2,2,2,0,14,10,2,14,11,3,3,55,21,2,15,3,10,4,23,1,5,2,31,7,3,6,1,2,16,2,2,73,1,48,4,14,1,4
"68_055. Madness - Our House (Official 4K Video)_noise_-12.5dB_sample1.wav",175,0,40,4,0,5,11,4,0,2,0,3,1,3,2,3,11,151,106,72,1,54,44,4,61,4,5,2,1,1,10,11,25,2,6,4,0,1,0,0,1,3,0,2,1,1,88,7,0,1,4,11,11,1,3,0,1,23,0,2,0,6,2,2,9,2,0,11,1,1,2,0,2,3,52,13,0,11,1,3,1,18,184,1,9,31,1,4,1,2,3,1,5,2,66,1,44,2,8,0,2
"32_086. Olly Murs - Grow Up (Official Video)_noise_-12.5dB_sample2.wav",180,48,52,14,10,3,15,3,4,0,5,6,1,23,1,5,13,175,90,68,2,51,55,6,59,3,4,6,11,0,11,11,22,4,30,8,24,56,0,8,14,2,4,3,4,10,72,6,0,4,3,11,11,4,9,0,3,23,0,2,4,16,30,4,1,9,2,12,8,15,4,2,7,4,40,17,3,12,11,694,16,16,5,4,11,38,1,3,5,55,11,2,8,9,71,1,44,16,10,5,19
"92_025. Fall Out Boy - Immortals (From Big Hero 6)_noise_-12.5dB_sample2.wav",177,3,48,10,3,6,12,3,2,2,4,5,1,2,1,1,14,166,137,77,6,66,52,7,72,5,0,182,2,0,12,11,32,6,8,4,1,3,4,1,1,3,1,4,1,1,110,3,2,6,4,11,11,4,2,1,1,25,0,1,7,5,4,2,2,6,1,11,1,2,8,4,0,3,66,21,1,18,2,11,0,17,4,12,1,44,4,3,5,4,2,2,2,4,77,2,58,15,14,1,2
"100_059. Nilla Wafer Top Hat Time  Song - Rhett & Link_noise_-12.5dB_sample1.wav",177,6,49,2,4,18,13,4,4,6,2,7,4,8,3,5,11,167,96,76,3,47,48,6,62,5,2,6,3,2,13,11,29,16,5,7,11,5,2,8,10,2,6,5,3,9,93,5,0,3,4,11,11,2,4,6,7,27,4,5,6,4,7,5,0,11,2,13,4,4,4,0,3,7,58,23,2,14,3,4,4,19,9,4,8,31,2,5,130,3,8,10,2,6,60,5,60,4,18,3,2
"7_092. Harry Potter Medley on Marimba_noise_-12.5dB_sample1.wav",175,16,52,1204,1,8,11,8,1,1,4,1,30,2,2,1,11,147,96,66,0,65,31,4,47,2,4,0,2,2,5,11,24,4,4,5,0,0,0,0,0,1,8,0,9,0,67,7,0,4,2,11,14,3,1,2,1,22,0,6,1,4,3,1,12,0,2,12,6,1,8,9,0,4,37,13,6,12,4,12,0,13,4,0,1,36,3,8,4,3,0,7,4,4,64,5,42,8,12,1,7
"6_043. Wintergatan - Marble Machine (music instrument using 2000 marbles)_noise_-12.5dB_sample2.wav",188,81,44,82,300,32,12,69,1,1,10,10,51,56,47703,159,12,175,135,99,6,66,68,8,71,4,18,1,11,128,54,268,135,7,33,358,34,0,63,326,23,2,59,4,26,109,96,23,4,342,68,11,11,50,279,11,93,146,96,43,53,4,4,159,59,161,10,14,23,91,110,1851,9,10,68,63,2,49,3,4,0,106,12,17,67,35,4,39,3,2,4,67,252,31,150,2,56,103,8,45,108
"4_003. Lorde - Royals (US Version)_noise_-12.5dB_sample1.wav",182,0,60,6,1,2,17,1,0,0,2,2,1,0,1,3,14,144,144,66,1,66,44,5,67,4,0,3,5,2,11,11,40,14,4,8,10,0,0,0,0,1,2,1,3,0,132,1,0,2,0,11,14,7,0,0,0,43,0,8,0,5,2,2,9,0,1,13,0,0,2,3,0,8,70,18,0,15,5,22,0,19,2,6,1,29,8,4,3,2,0,4,2,6,69,0,48,8,14,0,6
"9_034. Pitbull - Timber (Official Video) ft. Ke$ha_noise_-12.5dB_sample1.wav",180,0,52,3,0,6,12,1,2,0,1,1,1,2,0,0,13,145,141,77,3,57,44,6,67,6,0,0,1,3,202,13,26,2,2,3,0,0,0,1,2,2,11,2,5,1,88,0,0,2,0,14,11,5,2,0,1,26,0,2,1,0,3,3,1,0,0,12,1,0,0,26,0,0,52,19,0,12,2,15,0,17,0,2,1,28,2,3,2,3,0,2,0,2,75,0,48,4,12,1,2
"105_101. Yann Tiersen - Comptine d`un autre ete - l`apres-midi_noise_-12.5dB_sample2.wav",193,4,44,56,13,2,6,11,1,0,0,0,1,0,108,18,11,161,61,66,0,65,38,10,40,3,4,0,2,10,45,11,29,5,7,50,10,4,0,8,39,3,0,2,13,0,79,0,5,0,1,48,17,4,1,0,0,19,1,8,0,2,5,3,15,14,2,9,14,25,27,1032,2,10,49,27,1,20,5,14,5,28,0,4,1,34,2,1,4,3,0,20,29,17,57,5,40,14,20,0,4
"62_061. LEFT SCREEN ONLY Spot the Differences_noise_-12.5dB_sample1.wav",193,21,44,68,0,7,11,17,8,2,2,2,1,7,18,7,11,173,117,74,3,55,44,12,65,6,3,0,2,6,11,11,24,2,10,8,0,0,2,2,2,1,0,2,2,0,98,3,0,4,1,11,11,3,0,1,2,22,0,2,6,17,55,1,9,23,11,11,2,0,1,9,3,2,50,33,2,14,1,27,1019,23,1,52,2,37,8,4,5,1,3,5,4,2,63,0,50,9,32,2,70
"36_072. Jessie J - Price Tag ft. B.o.B_noise_-12.5dB_sample2.wav",181,4,50,4,1,3,21,4,0,0,2,2,4,1,3,2,13,158,115,75,1,60,44,3,60,2,0,0,2,0,11,11,24,3,14,2,3,2,0,3,0,1,0,1,1,1,86,1,0,1,1,11,11,2,2,1,1,26,0,4,1,2,2,2,2,3,0,11,0,2,6,1,1,1,48,15,1,11,2,10,0,14,1,5,2,34,4,1,4,1,1,1,2,2,363,1,46,4,6,1,2
"48_027. MAGIC! - Rude (Official Video)_noise_-12.5dB_sample2.wav",184,2,56,16,2,11,14,2,1,2,1,1,0,4,1,3,14,144,125,77,3,65,60,6,75,1,0,2,6,1,11,11,34,10,20,11,2,422,1,2,0,8,6,2,11,2,102,5,0,2,2,11,14,2,0,4,1,35,1,8,2,4,2,4,1,5,0,38,3,0,6,0,1,7,62,21,0,13,3,52,0,21,2,4,8,34,4,6,2,1,4,6,4,6,83,2,52,8,20,0,4
"75_078. Kungs vs Cookin on 3 Burners - This Girl (Official Music Video)_noise_-12.5dB_sample2.wav",193,20,44,7,4,6,772,2,1,2,0,6,3,3,2,9,11,168,138,75,10,78,52,5,71,9,1,8,5,5,12,11,28,8,12,4,7,3,10,2,7,2,9,7,5,1,114,7,1,4,9,11,13,5,4,4,7,34,8,17,4,3,3,2,3,6,1,11,27,1,9,1,10,6,58,15,9,15,3,10,4,19,6,0,9,28,4,6,1,36,13,20,2,4,75,5,50,7,8,7,8
"78_026. Katy Perry - Firework (Official Music Video)_noise_-12.5dB_sample2.wav",194,137,52,13,1,14,11,1,2,4,1,3,2,1,6,1,11,160,119,77,2,66,44,8,52,8,0,9,3,5,11,11,28,2,5,5,1,1,18,2,5,1,29,2,2,10,88,1165,0,4,112,41,11,9,9,0,42,26,9,10,32,2,2,2,2,0,0,12,3,0,2,1,2,5,48,27,1,16,4,11,6,30,17,1,7,25,0,2,1,5,4,4,1,8,77,7,48,9,24,4,1
"69_066. Jessie J - Bang Bang ft. Ariana Grande, Nicki Minaj_noise_-12.5dB_sample1.wav",175,2,44,5,3,3,15,0,1,0,1,1,2,3,8,6,11,164,102,66,0,65,44,5,66,4,1,3,1,0,11,11,24,8,2,8,1,8,0,3,3,1,2,3,1,2,79,1,1,5,3,11,13,7,4,156,1,28,0,4,4,4,5,2,2,0,0,11,2,1,8,7,1,9,48,21,3,14,3,5,0,16,9,2,2,28,4,4,3,7,2,6,4,3,77,3,48,4,3,4,4
"55_009. Taylor Swift - Shake It Off_noise_-12.5dB_sample1.wav",176,4,51,4,1,5,23,44,3,1,1,5,4,2,241,4,12,147,91,77,3,55,44,4,44,45,2,3,1,0,11,11,28,5,3,5,1,1,8,304,0,6,0,1,3,1,75,2,1,30,0,11,11,6,17,2,1,24,1,2,2,2,1,6,2,22,0,12,0,1,2,8,2,6,52,15,0,13,3,6,0,17,1,0,2,34,6,12,3,2,0,2,1,5,55,1,63,6,8,0,3
"17_084. Thomas Rhett - Crash and Burn_noise_-12.5dB_sample2.wav",173,8,56,4,0,1,11,0,0,2,0,2,4,0,12,1,102,143,97,66,1,64,38,8,62,2,0,0,4,0,8,11,26,22,8,10,4,0,2,1,2,4,2,0,3,8,87,29,0,5,13,11,17,11,0,1,1,46,5,10,2,2,2,4,4,0,2,12,1,4,2,0,0,6,50,21,0,13,7,23,0,32,0,0,1,28,2,1,6,3,0,0,0,11,75,1,46,11,9,0,0
"84_001. Anna Kendrick - Cups_noise_-12.5dB_sample1.wav",180,1,48,8,0,2,17,0,33,2,2,2,1,3,1,1,12,162,137,77,6,66,48,2,80,4,0,0,3,1,14,11,37,4,6,6,0,1,2,0,1,1,1,1,1,0,112,0,0,1,0,11,11,3,0,0,0,25,0,2,0,2,4,2,1,1,0,12,6,0,4,0,1,6,69,19,1,14,2,8,0,15,3,4,2,28,4,2,2,1,2,2,3,2,77,2,58,2,12,0,8
"54_016. Taylor Swift - Blank Space_noise_-12.5dB_sample2.wav",178,32,44,8,1,3,13,0,1,0,0,2,1,2,69,3,12,160,135,75,1,61,64,5,74,3,1,1,3,0,11,19,28,4,10,4,3,1,1,2,1,1,23,2,5,3,102,7,1,2,0,11,15,5,5,0,1,211,1,7,5,4,3,1,0,33,1,11,1,0,2,0,3,6,62,23,2,17,3,4,0,15,1,3,1,32,0,3,1,2,0,0,1,2,77,2,58,4,18,16,2
"97_075. Lindsey Stirling - Prism (Official Video)_noise_-12.5dB_sample2.wav",180,6,52,4,0,2,11,822,2,2,2,3,39,2,3,6,12,164,126,75,3,47,62,5,75,4,4,6,5,5,11,11,40,4,4,6,4,0,19,3,1,1,1,1,48,1,89,4,5,3,0,11,11,4,8,0,1,26,0,6,0,6,4,1,0,103,1,11,2,0,1,25,2,6,58,17,1,14,1,8,0,20,0,6,4,28,4,1,2,4,0,1,2,6,71,2,64,9,8,1,2
"58_039. OMFG - Hello_noise_-12.5dB_sample2.wav",187,0,48,4,0,1,11,1,1,2,4,2,0,3,0,6,13,168,108,70,3,65,45,5,74,5,1,1,4,0,10,11,31,4,8,1,0,1,0,0,1,2,0,0,4,1,104,0,1,3,1,11,11,6,0,0,0,26,0,6,0,4,2,0,1,9,1,11,3,2,3,3,0,11,54,13,3,19,4,14,0,23,0,12,1,31,8,2,2,3,1,4,2,303,73,1,50,5,4,1,2
"87_079. twenty one pilots Heathens (from Suicide Squad The Album) [OFFICIAL VIDEO]_noise_-12.5dB_sample1.wav",183,3,48,7,1,5,13,5,2,2,2,2,1,1,5,6,12,167,118,77,3,59,51,5,74,4,2,2,2,0,13,11,26,21,12,6,3,0,2,1,1,1,2,1,3,5,108,1,1,0,1,11,13,10,3,0,0,24,1,0,1,2,2,2,1,6,5,21,1,2,6,4,1,0,53,132,1,23,0,4,0,19,1,5,0,31,4,1,3,2,0,1,1,2,77,2,50,4,20,1,6
